
ADVERSARIAL
0,000790352
0,015021
0,0446913
5,91274e-05
0,00342025
0,0591086
0,000842286
0,000227165
0,0143232
0,038337
0,000500926
0,0620236
0,00036886
0,0258303
0,00394352
0,00782941
0,0446634
0,0243726
0,00451853
3,22331e-07
0,0361232
0,0263327
0,000737422
0,00459966
0,00109103
1,31578e-07
0,0071478
0,0115129
0,00141374
0,0832994
0,000537823
0,0576303
0,00881237
0,000423687
2,74093e-06
0,000240226
0,00337292
0,0086704
0,113026
0,00428934
4,06408e-06
8,25641e-05
0,1127
0,02767
0,0796818
0,0423889
0,0626003
0,0280243
0,00417181
0,0385773
0,0817179
0,0590333
5,84919e-05
0,00645409
0,00531498
3,6853e-05
0,00844587
0,0364223
0,00885749
0,00264299
0,062411
0,0913821
0,0165053
0,0259805
0,0018117
0,000888249
0,0159772
0,0844188
0,02833
3,31699e-06
0,0368676
0,0242329
0,073508
7,4029e-09
0,0489892
0,104468
0,104677
0,102156
0,0803128
4,30684e-05
0,0460569
0,000957576
2,13506e-09
0,0507056
0,0352211
4,54456e-05
0,0209136
0,0147528
6,28482e-07
0,112512
0,00919489
3,74954e-06
2,02136e-08
0,0760207
0,000348874
0,00160108
0,0534325
0,00200963
0,023666
0,000934373
0,00195225
0,00725699
2,40006e-05
0,0170835
0,0335705
0,0137201
0,0511074
0,0140357
0,0510066
0,00126403
5,72515e-05
5,15673e-08
0,0138118
0,000957266
0,00257167
0,0608263
0,00699613
0,027276
0,0728143
0,0111112
0,00050969
2,61072e-05
0,0144099
0,000496614
0,0116221
0,00360143
0,0459563
0,0375802
0,0755633
0,176341
0,00018329
5,36898e-08
0,0210029
0,0770881
0,0116916
8,53787e-07
0,00413243
0,000727175
6,39875e-05
4,50064e-08
0,0253811
0,051201
0,0428011
0,0109337
0,0180322
0,00326771
0,00967092
1,61397e-06
0,0652275
7,74116e-08
0,0276468
0,0107374
0,0323017
0,00492742
0,176152
0,0353224
0,0597115
0,0465896
0,0236399
0,000148247
0,00159408
0,000187828
0,0815668
0,00203757
0,0272615
2,74679e-05
0,100531
0,00213907
0,0296205
0,0513649
0,000563494
2,03111e-06
0,0275544
0,036629
4,03499e-05
0,00746748
0,00292505
0,00467407
0,0230993
0,00283542
0,0914996
0,000194818
0,0294249
0,0194523
0,0543071
0,0216147
0,0169786
0,0815993
0,0139097
0,00123032
0,0200823
0,014229
0,000472871
0,129002
0,0412111
0,0204279
3,13821e-05
0,0281388
0,000911682
0,000333896
0,0708588
0,075989
3,58807e-05
1,78499e-06
0,012383
0,00797118
0,0422748
0,0147704
0,0104587
0,0190159
0,0505746
0,00311712
0,0460236
8,8749e-06
0,00362933
0,0193193
9,83734e-05
0,00593152
0,0158426
0,0642369
0,0121587
0,000119308
0,0160049
0,000829578
0,0178032
0,0306147
0,0376501
0,00125327
1,56649e-06
0,0235399
0,00203353
1,18288e-07
0,0752814
0,0162104
0,00435603
0,000659357
0,129408
0,0341547
0,0153057
0,0394884
0,00093345
0,0717839
0,154209
0,00211568
0,00292223
0,00017096
0,0540657
0,0782046
0,00313288
0,0842391
2,37059e-06
0,00206277
0,015708
0,041215
0,00282605
0,00358306
0,0567048
0,000173712
6,62229e-05
0,0301972
0,0406171
0,0110115
0,00130693
0,0057248
0,058706
0,00477204
0,00123347
0,0692822
0,0292686
0,0428862
8,06217e-06
0,00727377
0,0162649
0,0091998
0,0684853
0,00552614
0,0549582
0,010202
0,000855455
0,0373157
0,0606503
0,0174042
0,000677601
0,00164248
0,130597
0,0499266
0,0213903
0,052747
0,0157505
0,0248491
0,0376707
0,00803462
4,03118e-06
0,0197007
0,0772838
0,113019
0,0161827
0,0469678
0,0777329
0,0378258
0,0406972
0,0250679
0,122697
0,0782013
0,00267008
0,0757062
0,00725981
0,052032
0,0342335
0,00126044
0,018394
0,00835701
2,22264e-07
0,0155251
0,051973
2,56937e-05
0,013934
0,0201926
0,000135602
1,13924e-05
6,61482e-06
0,0160489
0,0515703
0,00259166
0,00876383
0,0381451
0,000130392
0,0238597
0,0171276
0,0744926
0,000521899
0,0255731
0,0193639
0,00262229
0,00185657
0,002496
0,0356046
6,3812e-05
8,00908e-07
7,39649e-07
0,00306067
0,00084264
0,00496648
0,00193918
0,0728659
0,00539718
0,00731126
0,0042606
0,0280768
4,58162e-10
1,69277e-08
0,0242127
3,53391e-05
0,0334638
2,14675e-06
0,0609917
0,00178005
0,00264588
0,00145391
0,000907376
0,0568462
0,0768042
0,0106972
0,0808687
0,00066076
0,011039
9,98297e-05
0,00183227
0,00970361
0,00124647
0,102109
0,000340751
0,0260363
6,93941e-05
0,0406825
0,000387523
0,0189267
0,0173671
0,0418979
0,0250487
0,00415717
0,0149221
0,101211
0,00113781
0,00224094
0,0977863
0,116512
0,106109
0,000344103
0,0408646
0,00077295
0,0233482
0,0635057
0,00965059
0,0117492
0,0168932
0,0838468
0,0202889
0,00599261
0,000850631
9,69378e-11
0,112539
9,44159e-07
0,0827508
0,000231142
0,0742658
0,0590432
0,0578041
0,0765372
0,0386861
0,0125103
0,000181747
0,00146136
0,0566914
0,0117612
0,0699908
0,00454653
0,0271193
0,0867475
0,00350505
0,00958073
9,98082e-05
0,0162428
0,0357287
0,0100145
0,00501979
0,0403201
0,000814726
4,56612e-06
0,0184672
0,0405805
0,0512798
0,138317
0,021538
0,000472011
0,0652862
0,0076778
0,0163521
0,00143212
0,00648578
0,00651229
0,00709519
0,0195881
0,0262964
0,00636245
0,103079
0,00175868
9,55869e-05
0,0080569
0,0607852
5,18584e-06
0,0314216
0,000347131
0,00341823
0,0481694
0,0109931
0,00716503
2,89371e-05
0,0175671
0,046589
0,0225329
0,000949589
0,00071683
0,00100933
0,105533
0,0121636
7,87187e-06
0,0698771
0,0411685
1,19798e-05
0,0569133
0,0279914
1,64231e-06
0,000184883
0,0217731
0,00167384
0,0199082
0,0220786
0,0207476
0,0272752
0,00505481
2,05445e-05
1,78003e-05
0,000155204
0,00456647
0,0751448
0,00107915
0,0215957
0,0572679
0,0477161
0,00395964
4,24213e-06
0,000192808
0,00103169
0,0640815
0,0156437
0,00738503
0,113793
3,831e-05
0,00528918
0,00390782
0,0250799
0,0855101
0,0272536
0,0382169
0,0239183
0,072441
0,0160553
4,53621e-05
2,96432e-14
0,00199485
3,85372e-08
6,394e-05
0,0259189
0,0118669
0,0120746
0,0290979
0,0039793
0,0101762
0,00692938
0,0373865
0,00132363
0,00374841
0,029713
0,00842651
0,0091258
0,000361355
0,0676183
0,0551106
0,175512
0,0317797
0,0157187
0,0300148
2,38606e-07
2,15144e-09
0,0164992
5,6429e-05
0,00015132
2,62407e-06
2,85075e-10
0,107254
0,0396184
0,0475168
0,044833
2,61967e-05
0,00134887
0,0490769
0,0197198
0,00972971
0,0056143
0,10372
0,00176385
0,0236667
0,00888414
0,00219024
0,00628013
0,00255362
0,0633352
0,00064318
0,000798578
0,00713575
0,0705151
0,0110289
0,0582343
0,00149174
0,000386769
5,82946e-06
0,0432009
0,143457
0,0580357
1,88946e-09
0,00819383
0,00823066
0,0267921
0,130583
0,0272241
0,0088461
0,082587
0,0224981
0,104584
0,0167728
0,0494565
0,0122826
0,0424937
0,000220656
0,101512
1,29234e-09
1,79479e-05
1,08205e-05
0,00179716
0,00892946
0,081233
0,0691233
0,0176449
1,68983e-06
0,131795
0,0542071
7,23435e-05
0,0223723
0,00366143
0,0530725
6,31477e-07
0,0118128
0,101753
0,141286
0,0057167
0,000122332
1,31563e-05
2,46763e-06
0,0861238
0,0502638
0,0534761
0,0345876
0,028439
0,0411014
0,00225419
0,060795
0,0715645
7,5741e-07
0,0214699
0,00610123
4,53434e-05
0,00148718
0,0611059
0,0263685
0,0356776
0,028052
0,00457239
0,00137683
0,000183876
2,5113e-06
0,00164533
4,13956e-05
0,0161356
0,0304325
7,37963e-05
0,138248
0,000691152
0,0267815
0,013143
0,0307821
0,054407
0,0461081
6,67461e-06
0,00251038
5,46758e-06
1,2935e-08
0,00520105
0,0212052
0,0192331
0,0214511
0,0392117
0,0483465
0,00837081
0,0812558
0,0119016
0,0351
0,0676595
0,0154218
2,86581e-05
0,0235495
0,00454287
0,000276075
0,076389
5,15896e-05
0,0714073
4,2191e-05
0,0570699
0,0325232
0,039381
1,48046e-06
0,0686094
0,0157423
0,00167499
0,0373942
0,000828643
2,73152e-07
0,0100027
0,00533264
0,0555331
0,0162729
0,0505302
0,0565781
0,00697411
0,00180679
0,0886642
0,000943536
0,00182726
0,00199522
0,0807889
0,0119548
5,99298e-05
0,00214332
0,00936725
0,0344881
0,00329938
5,7119e-08
0,0221527
0,00178709
0,0440618
0,0147158
0,060154
0,00218811
0,000808041
0,0108909
0,0221098
0,0377905
0,10331
0,0597112
0,0502686
0,00186639
0,00448014
0,00786075
0,0446128
0,0180783
1,81284e-09
0,0383708
2,43993e-05
0,0150296
0,000885006
0,0609665
0,0496723
0,0468786
0,0116299
0,0711531
9,47349e-05
0,0636555
0,00301104
0,00524287
5,11063e-05
0,0183526
0,0144298
0,0817162
0,0524459
0,0408505
8,5889e-07
0,0153385
3,41522e-09
0,0641605
0,000637338
0,00253526
0,000118351
0,000129562
0,0112668
0,0920518
0,0702299
0,0262154
0,00757076
0,00339592
0,0551662
0,0103635
0,00465399
0,0311795
0,0406591
0,0404338
0,00079469
0,011532
0,0052162
0,0137061
0,00126328
0,0606309
0,0208237
7,48176e-07
0,0260368
0,051545
0,00795626
0,0296134
0,00903241
0,0470156
0,0432875
0,000703665
0,000700474
4,06738e-07
0,00202482
0,0912635
0,0106622
0,000319475
0,00157426
0,0218656
0,000207125
0,0617047
0,0221059
9,71592e-21
0,0164941
0,000430674
0,00163092
0,0187174
0,0214649
0,0109731
3,52147e-09
0,00926829
0,0607301
0,0970334
0,0282894
0,0130206
0,0218695
4,94873e-05
0,0702275
0,0248738
0,00280719
0,168764
0,0510288
0,00226349
0,000208719
0,00156399
0,0603273
0,00153315
0,00255556
0,064437
0,0322572
0,00105926
0,000977379
0,00237448
0,0693076
0,0876987
0,0119326
0,00365643
0,0101181
0,0386264
0,0257952
0,000718702
0,0111317
0,107382
0,05008
0,000135146
0,0284869
0,0216952
0,0169789
0,0182832
0,0799665
0,019248
0,0202691
0,158432
0,0795854
2,20446e-07
0,0443479
0,0395674
0,0516913
0,0784724
0,179652
0,00122523
0,00042039
0,0181271
0,0382236
0,00790711
0,0109227
0,0166476
0,026756
0,000798025
0,00174502
1,09661e-07
0,00518091
0,00312595
0,000115858
0,153346
0,0195683
0,00783741
0,145058
0,0260709
7,13547e-05
0,00730445
0,0908274
1,47095e-05
0,054682
0,00929194
0,0918322
0,00356855
0,00368218
0,022157
0,0549068
0,000382146
0,0586537
0,00540295
0,0140243
8,48557e-05
0,00187396
0,0048395
0,0456595
0,00984452
0,0435837
0,0740617
0,128099
1,37804e-06
0,0284088
0,00885661
0,0184487
0,016746
6,78573e-06
0,000544537
0,00112901
0,00386978
0,0681496
0,0196932
0,0563505
0,0148794
0,0361201
0,0106911
0,0236543
0,00138678
0,0503663
0,0240686
3,24942e-05
0,00834403
0,0420439
0,0019614
0,0185906
0,129589
0,0590805
0,0709798
0,0323448
0,0263204
0,0606196
0,0350233
0,0794493
0,0655179
0,00638278
0,0149396
0,0526683
0,0511084
0,00300402
0,00014338
0,000476598
0,0111896
0,0547525
0,0959262
0,00488436
0,0369983
0,00259341
0,0198163
0,0152585
0,00692929
0,0561772
0,000490742
2,08857e-05
0,0420198
0,0670847
0,0814165
0,0120351
4,69931e-08
0,00272136
0,0258568
0,000640086
0,0230938
0,0334716
0,0517096
0,093775
8,18926e-05
0,0268592
0,0084246
0,0123105
0,0449104
0,011081
0,0248637
0,0018798
0,0632741
0,0143514
0,00863494
9,59785e-07
0,00426523
0,00144701
0,0707188
0,0519086
0,042086
0,053267
0,0021939
0,0562818
0,0222178
0,00352744
0,0485474
0,0221182
0,0662705
0,000132872
1,71232e-05
0,142514
3,6891e-09
0,019073
0,0105525
0,0305392
0,0384232
0,0111201
0,0130644
0,00022249
0,0761713
0,00518592
0,000776158
0,0500824
0,0198767
2,44401e-08
0,0248198
0,014595
0,00746491
0,0604957
0,019224
0,0112141
0,0112782
0,00873645
0,0369511
0,122202
0,0713145
0,00202766
1,81658e-05
4,0154e-08
0,00144122
0,0184074
0,0219508
0,00577916
0,0481777
0,00340802
0,00320484
0,0490082
0,00195106
1,3989e-06
0,00899967
0,0413345
0,00996592
0,0401257
0,000162186
0,132492
0,0106288
0,0064082
0,00998021
0,00961532
0,00402026
0,0123184
9,61446e-06
0,0178881
0,00619893
0,0101162
0,0442517
0,0486275
5,65032e-05
0,0488522
0,0708372
0,0125818
0,00445264
0,019014
0,00151435
0,00138537
0,00219911
0,0688357
0,00805187
1,46817e-06
1,86922e-06
0,0330579
0,0152241
0,000111822
0,00164963
0,00655684
0,0707553
0,0059597
4,20688e-05
0,000184512
0,00475929
0,00286507
1,33561e-05
0,00892417
0,0556511
0,0959323
0,000164114
0,00408945
5,11832e-09
0,0182323
0,0558654
0,000317697
0,0226945
0,0813858
0,0321593
0,00192944
0,00924177
0,0117765
0,00994568
5,04324e-08
9,86975e-07
0,010736
0,0538493
0,0227377
8,31182e-05
0,0491966
0,00375749
0,0220958
0,00640834
2,04622e-07
0,0187384
0,0159737
0,0236278
0,130613
2,5202e-05
0,000129846
0,00245417
3,83042e-06
0,029313
0,109032
0,000698481
0,0016192
0,0145471
0,0124287
0,0700751
0,00114174
0,0468348
4,47816e-07
0,0229115
0,000185391
0,0459004
0,00598963
0,0975009
0,0863909
0,0557469
0,00673817
0,0165294
0,0252845
0,0191068
1,95112e-05
0,0170115
2,257e-06
0,124697
0,066449
0,06112
0,00243141
0,0508097
0,0139986
0,00901574
0,0275292
0,0789915
1,09852e-14
0,00913355
0,0367923
0,000943171
0,00362453
0,109258
0,00735998
0,00258245
0,109643
5,67258e-07
0,120614
0,00748875
0,0240895
3,87548e-08
0,0570217
0,0592966
0,00226461
0,0071189
0,000123672
0,00155759
6,21377e-12
0,0071414
0,0290088
0,00196209
0,000997592
0,0333627
3,70374e-06
0,0165947
1,08157e-06
0,00326847
1,58123e-05
0,0510188
9,57543e-05
0,00998559
0,0454276
0,124236
0,0341144
0,0353235
0,00120261
0,0679093
0,0643155
2,52773e-06
0,0187176
0,0151491
0,103041
4,11882e-06
0,062772
7,43138e-11
2,38846e-05
0,0070281
0,0223201
0,0164445
0,0391289
0,0813052
0,000433303
0,0217745
0,0395384
0,00335263
0,00541649
0,00287142
0,0552463
7,48871e-05
0,0543908
0,058492
0,0345664
0,0389224
4,25483e-05
0,000716133
0,0180134
8,63261e-08
0,00638636
2,54593e-05
0,0424108
0,00486486
1,42769e-05
0,0093951
0,0409131
0,000191061
0,000122268
0,0260749
0,0111602
0,0852926
0,0200641
0,00210399
0,00975187
9,16731e-05
0,000428566
0,0352134
6,76415e-05
0,0432062
0,00215946
2,18608e-08
0,066189
0,000243063
0,0208044
0,0134327
0,0197601
0,000512966
0,0529573
0,0753958
0,0603608
0,01756
1,43119e-08
0,0035845
0,0535234
0,0087614
2,05185e-05
0,000195208
8,90726e-06
0,000982954
0,0814376
0,000244669
0,0800298
0,0960438
3,07608e-05
0,000512609
4,82495e-09
5,10173e-09
0,000200846
0,00231264
0,0202308
0,00124178
3,13534e-10
0,0781321
0,0086002
0,031086
0,00123444
0,000769143
0,00058227
0,0106498
0,00496376
0,0137252
0,0243092
0,0350098
0,00179765
0,00338219
0,042188
0,0164086
0,0137851
0,00661767
0,141603
0,0488967
0,00535262
0,013087
0,0467965
0,000714442
0,000427163
0,129298
0,057072
0,0292943
0,00318556
0,0206764
0,137655
0,017878
0,00323589
0,0472778
0,000517946
0,0882057
0,107296
0,088613
0,0149286
0,0965736
0,0878927
0,000176642
1,34696e-06
0,0435895
0,0358238
8,25503e-05
0,0210068
0,0508865
0,0312071
0,0602765
0,0910336
0,0493422
0,0223181
0,0146013
0,0393539
0,0553879
1,33736e-07
0,074174
6,20106e-05
1,90148e-05
0,0736893
2,31846e-06
0,0006363
0,0343343
8,65624e-05
0,0590782
0,105419
6,79103e-12
0,0303877
0,00444399
0,00983303
2,60956e-05
6,35278e-06
0,00187861
0,00674566
0,0116616
0,0322861
0,0924752
0,00789208
0,0192719
0,0174097
3,36e-06
0,000176829
0,0368055
0,0991405
0,0236968
0,0748313
0,00449075
0,0199382
0,0486386
0,0038557
0,018628
0,0595631
0,0129416
0,000615336
0,00113545
0,0116643
0,0458644
0,0315962
0,0623047
0,00628355
0,0919142
0,0173587
0,0298652
7,27795e-05
0,00541613
8,4827e-05
0,0488232
0,0280004
0,0159911
0,00198463
0,0196072
0,013294
0,00180491
0,0504073
0,00531169
0,00285368
0,0134154
0,0687248
4,98141e-09
7,14399e-05
0,00796735
0,018742
0,0523763
0,00315477
2,64673e-05
0,0208767
0,0371894
0,000374079
3,43943e-09
0,0158165
6,92022e-06
0,0167905
0,0246157
0,02757
0,0614494
0,00356271
4,92615e-07
0,0534248
0,110997
4,92907e-05
0,0837211
0,000509776
0,00138735
0,000690557
0,00340399
0,0289033
0,0806943
0,00100463
0,0177341
0,0005673
1,52807e-05
0,0474517
3,02873e-05
0,157681
0,030597
0,0680302
0,00732306
0,112763
0,03594
0,138909
0,0137705
0,00349813
0,0186453
0,0347343
0,00463366
0,0211112
0,0529379
5,28474e-07
0,00780217
0,0143615
0,0867017
0,0184939
0,00523333
0,0333946
5,69578e-10
0,00518872
0,0969853
0,0259484
0,0396988
0,077671
0,0726034
0,10147
0,0240353
0,00794563
0,0329645
0,0111493
0,0774062
0,0309863
0,00836893
0,0158533
0,052546
0,00828567
0,0803838
0,0105561
7,72906e-05
0,0627022
1,51097e-07
2,937e-06
0,0225987
0,0670537
0,0173892
0,0167429
0,0366137
2,21968e-05
0,00890199
0,0283125
0,0146853
0,0194968
0,101531
0,00277442
0,0441531
0,0337748
0,0198908
0,0316647
0,0328895
0,0258713
0,0159436
0,161198
0,0800052
1,98818e-07
0,00974501
0,0126887
0,0270323
0,0303631
0,024101
0,00897536
0,0149155
0,000402712
0,0109889
0,0127336
0,0078761
0,0730483
0,0350983
0,0237536
0,000142888
0,000298171
0,0115262
0,0562974
0,00773702
0,00122441
6,25665e-06
0,018317
0,0040338
0,00574166
0,00253785
0,126102
0,000839283
2,06376e-05
0,0510926
0,000182875
0,0240339
0,0446018
0,0324965
0,0167218
0,00823309
0,000337637
0,0576246
0,00111084
0,00153329
3,23769e-07
0,00447059
0,018277
0,00066275
0,03604
0,0631191
0,0648665
0,000822325
0,0154268
0,042562
2,1416e-06
0,00860697
0,0276894
0,0321428
0,08164
0,00276385
0,0572701
0,0461253
0,0317549
1,05155e-05
0,0164201
0,0405703
0,0478734
0,0575385
0,0417466
0,00355684
0,0110244
0,00799558
0,0205416
0,0721617
0,0729692
0,0884167
0,00419042
0,020909
0,027949
0,000301004
0,0167401
0,0376465
0,0239916
0,0437143
0,0413348
0,0542101
0,0378553
0,000789803
4,05434e-15
0,0191564
0,0916883
0,0414079
0,00664372
0,0207024
0,0257032
0,0420449
0,0147195
9,38746e-05
0,000659783
0,00325921
0,00732067
0,015524
9,31496e-11
0,00983109
0,00771179
0,0517336
0,0266843
0,0122319
0,102824
5,98431e-05
0,0539846
0,000651444
0,0173339
0,000518579
0,0373795
0,0133767
4,33448e-05
0,000898585
0,024492
0,0101542
0,0206269
0,00591896
8,48017e-05
4,66513e-05
0,0239025
0,0567196
5,17047e-05
1,79848e-12
0,00201831
0,131355
0,00267555
0,029823
0,0460378
0,00793919
0,0761034
0,0214563
0,00378691
8,32697e-06
0,0880978
1,76179e-06
0,0382833
0,0103955
6,65565e-08
0,000507269
0,0219109
0,00168206
0,00841014
0,0478448
0,0246812
8,93281e-09
0,0019994
0,0390259
0,024341
0,00835995
0,0380146
4,0916e-05
0,010502
0,00550369
0,0437587
0,0201297
0,0346832
0,0163649
0,030351
0,022772
0,0412828
0,0089505
0,00185892
0,0364967
0,000183585
0,00147448
0,00239229
0,00204339
4,14419e-05
0,0580323
0,0137549
0,0840121
0,0166798
0,0103041
0,106949
8,51149e-07
0,00017086
0,0191023
0,0506753
0,00320979
0,00938194
0,00228636
0,0592944
0,0259678
0,00143923
4,24037e-05
0,000172727
0,000625563
0,0230526
0,0187153
0,0041448
0,00376615
0,0312471
0,0263323
0,0310615
0,0223563
0,00606617
0,0424951
5,73859e-05
0,00388531
0,166524
0,000325083
0,014613
0,0119263
0,00140342
5,53764e-10
0,0134303
9,78179e-05
0,0223596
0,0210915
0,0567651
0,0653206
0,0551198
0,000951302
0,0305545
2,60176e-06
4,89038e-05
1,55693e-05
0,0150604
0,0555184
0,0245724
0,0284023
0,0353785
8,76379e-05
0,0323046
0,00966847
0,00048751
0,0256957
0,000529946
0,12623
0,000384654
0,00811973
0,0380964
0,0689654
0,049617
0,00127501
1,62454e-07
0,0398704
0,000248183
0,00017805
0,00449432
2,73995e-07
0,107135
5,86771e-06
0,0139187
0,00358576
0,0611861
0,0477414
0,00150387
0,0921342
0,0667603
0,0762653
0,0179699
0,0444342
0,0791991
0,0148449
0,00474703
0,00552904
0,00354325
0,0727239
0,0294211
2,20647e-06
0,000356113
0,0256962
0,0216915
1,85888e-06
6,78204e-05
0,0346129
0,0119634
0,0231889
2,84694e-05
0,00666218
0,0148376
0,0640195
0,0864832
0,0155194
0,112343
3,02482e-06
0,00121171
0,000150065
0,0560721
0,0429133
7,60796e-05
0,0329484
0,00585421
3,20746e-08
1,23344e-07
1,29583e-06
0,0416875
0,116258
0,031537
0,00778675
0,0165283
0,00976566
0,0442826
0,0524574
2,01062e-06
0,0151652
0,04687
0,0212801
0,0600098
0,00315259
0,117088
0,0128028
0,0252048
0,0212265
0,0232552
0,0133766
0,000542115
0,0157245
0,000231124
0,000133075
0,00597679
1,84442e-05
0,0857472
0,000656046
0,113277
0,00542134
0,0540755
0,0910105
0,046579
0,00582926
5,73689e-05
0,0335911
0,000804849
0,0480415
7,90225e-06
0,0493955
0,00107996
0,0172986
0,0509429
0,0530986
0,0163355
0,00554148
0,0302878
3,6405e-08
0,00145269
0,00310227
0,0341499
0,0238626
0,0467422
0,0825627
0,105326
0,049506
0,0529988
0,0029845
0,00061366
0,00779853
0,0756424
3,87718e-06
0,0338049
0,0355582
0,0515787
0,027988
6,34053e-06
0,0308293
0,0168933
0,000446172
0,02685
0,0634516
0,0561578
0,0408333
3,18419e-07
1,80526e-06
0,0408191
0,0284168
0,0761545
0,0235141
0,000830383
0,000609234
0,00270278
0,0176439
0,0215252
0,00299156
2,15282e-07
0,0844562
0,0869266
0,17612
0,0307162
6,11527e-07
0,0427811
3,56664e-07
0,0333839
0,000630689
0,000967996
0,000820763
0,00026119
0,00941473
0,0752278
2,43735e-07
2,99273e-05
0,0183333
0,00844769
0,0149065
0,0146056
0,0180324
0,0336946
0,0135085
0,0242755
0,012916
0,0291403
0,0049229
0,0127586
0,00724482
5,09211e-06
0,000244009
0,0617784
2,61622e-06
0,0825316
0,0371309
0,0683673
0,00386694
0,0582065
9,37324e-06
0,00197159
0,00159824
2,49624e-05
0,036804
0,0456767
1,21302e-09
0,0123307
2,28657e-06
0,0209206
0,0233038
0,0194062
0,0753386
0,0106058
0,0883496
0,106867
0,00650633
0,0017624
1,15505e-06
0,005327
4,834e-07
4,21313e-06
0,00907719
0,15131
0,0624461
0,0360759
0,00139889
0,00212964
0,0245118
0,0117037
0,0184368
0,0185017
0,0145559
0,0940199
0,0526848
0,000302676
0,0052353
9,65046e-05
0,0023331
0,00297971
5,36943e-08
0,000260799
0,0720162
0,0237649
0,0085518
0,00830372
0,0239253
0,0276622
0,0584465
0,101092
0,0183048
0,0422363
0,0212128
6,69779e-07
0,0266911
0,0469423
0,142898
0,0397961
7,01422e-07
0,0487536
0,0504835
2,00043e-06
3,94288e-06
0,0902381
0,0641238
0,00583016
0,00463204
0,000346658
4,29505e-09
0,0352942
0,00218379
0,0179841
0,0161965
0,00143702
1,14121e-08
1,63867e-06
2,13846e-05
0,0440132
0,0186759
0,054378
0,0109732
0,00401314
0,00174236
0,0169241
0,00313168
0,0827704
0,0137999
0,00018148
0,031713
0,000304352
0,00279156
0,0169866
0,0965015
0,00469048
0,000190452
0,0447983
0,00790962
3,65069e-06
0,00446165
0,00140389
0,0788866
2,27748e-12
4,05362e-06
1,57011e-07
0,0967719
0,0419745
0,0172542
0,0760395
0,0238663
0,0286999
0,00881396
0,0743918
0,00164855
2,15372e-06
0,00933383
0,0355511
0,0755209
0,026139
0,0189463
0,00132164
0,0845264
0,0121891
2,21422e-07
0,0424683
2,3744e-06
0,0447013
4,49249e-07
0,0391233
0,0288017
0,0220568
0,0055761
2,53273e-06
0,0497405
0,0446763
3,58376e-05
0,0135405
0,0200695
0,0012637
6,43187e-05
0,000373275
0,00654741
0,00597016
0,0191603
0,0354748
0,0227155
0,00628514
0,0808345
0,0215699
0,000742592
0,086102
0,00737777
0,0479611
0,0198929
0,0113422
9,21638e-16
1,02625e-06
4,6684e-05
0,00901089
0,0256513
0,054267
0,000521265
0,0737005
0,0510933
0,022998
0,0333204
2,90806e-05
0,0705342
0,0256083
0,000974445
7,84476e-07
0,0254845
0,0116982
0,0368647
9,0871e-07
0,0254451
0,00413478
0,0445692
6,17083e-06
0,0737992
0,0293196
0,0845225
0,0052733
0,0255104
1,13758e-07
0,0108504
4,05557e-05
0,0121273
0,0403856
0,137978
0,047665
1,57956e-05
0,0115885
0,0334017
0,0173491
0,0301999
0,0107032
1,50278e-06
7,6409e-06
0,000668604
0,11613
0,000148873
0,013787
0,0306955
0,0491609
0,0340228
7,69672e-07
0,000112106
1,19106e-06
0,130753
0,0235531
0,0238405
0,013722
0,0491499
0,101284
5,82972e-05
9,53384e-05
0,0330947
0,0446226
0,0043559
0,0485372
0,042955
0,00453681
0,016539
0,0410686
2,6216e-08
0,0420212
0,00958244
0,0540733
2,63563e-12
1,6885e-10
8,56779e-05
0,106784
0,00252392
1,06201e-06
1,32427e-06
0,0238636
0,0520886
0,0152636
5,86747e-08
0,00154649
5,13103e-05
0,0207818
0,00121497
0,085046
0,000537937
0,0833305
0,0306656
0,0045254
0,0387623
0,00384223
0,0219339
0,00560655
0,091529
0,000149857
0,00484081
0,000494373
0,0338149
0,000243015
0,00637999
0,0127645
0,0052625
0,0554384
0,0138842
0,00267774
0,0216327
0,0761559
1,67714e-05
3,05817e-05
2,84498e-08
0,0667043
0,0443161
0,00101282
0,0215341
0,00325269
0,00412532
0,000524228
0,0203705
0,0253008
0,000668578
0,0930177
0,00990671
0,0275107
0,109183
4,55543e-05
0,00207213
0,0455238
0,0889377
0,0172758
0,00678365
0,00289438
0,00800236
0,001371
0,0209955
0,000151574
0,0144186
0,0129267
0,0154123
0,000159789
0,0128137
0,0229329
0,108463
0,0316269
0,0812502
0,0493641
0,0447476
0,0356938
0,0193219
0,0237281
7,45702e-05
0,131948
0,0776342
0,0132454
1,68446e-07
0,0521902
0,0269689
0,078031
0,00139561
0,0194443
0,00390411
0,00810748
0,000258476
2,36149e-10
0,0325607
0,00363083
0,0170327
0,00262618
0,00552651
0,0611677
0,0190498
0,0113521
3,89048e-05
0,000219198
0,0306086
0,0209115
0,0960396
0,0858762
0,000394389
0,091091
0,00847447
0,0447301
0,00479168
0,000185658
0,134875
0,0165277
2,27809e-09
1,32823e-05
6,71441e-07
0,0889919
0,031698
0,0385514
0,089098
0,116766
0,0151168
0,0714941
0,00162291
0,0964771
0,0173814
0,0257241
0,00394666
0,00526183
0,0859033
5,73836e-08
0,00201141
0,0657746
0,0679075
0,00136677
0,00114949
4,27545e-05
0,0382876
0,0439572
0,0260273
0,0543898
0,0324306
0,0118746
0,009392
1,84545e-10
0,0030972
5,40251e-05
0,145165
0,0412833
0,00481933
0,039896
0,000352671
0,0157947
0,0135139
0,00415468
0,036994
0,0143252
0,00157837
2,36596e-05
0,0289648
0,0592628
0,036127
3,29931e-09
0,0143177
0,00202354
0,0522991
0,000166464
0,000205649
0,00905565
0,140644
0,0489644
4,51604e-11
0,018891
0,00142378
0,070052
0,0190572
0,0107642
0,00198424
0,00257065
0,117669
0,0468741
0,00384969
0,0947111
0,0238078
1,44277e-07
0,000651969
0,0202349
0,0870475
0,130467
0,00136027
0,0020534
0,00950549
0,0433158
0,0226752
0,0151968
0,00141661
0,000528662
0,0065697
0,0208294
0,0396656
0,0624396
0,00389269
0,0240293
2,54424e-08
0,0019789
0,0184198
0,0449965
0,0308471
7,40758e-05
0,0160791
0,000577847
0,0465922
0,000913809
1,19025e-06
1,33228e-08
1,11546e-05
0,0523156
9,73208e-06
0,000504967
0,00143338
0,0132195
0,0178932
4,87856e-06
0,0234618
1,02906e-06
0,00313
0,0181518
0,00181631
0,0130096
7,81248e-06
0,023842
0,0864594
4,53631e-05
0,00208861
0,0961475
0,0119822
0,039867
0,0172141
0,0118108
0,0552273
0,000336996
0,027072
0,0268398
0,0614657
0,000485014
5,81927e-07
0,00261218
0,062822
0,00268358
0,0422474
0,0253162
0,00712213
0,000166508
0,0717281
0,0333471
2,49429e-05
6,8505e-05
0,0228947
0,000372106
0,00258186
2,37503e-07
0,00315504
0,0130804
6,28079e-05
0,00108368
0,0661508
5,90387e-05
0,0748433
0,000971661
0,0336989
0,000123187
0,0512123
0,0579613
0,0211181
0,0445026
0,0480813
0,0153281
0,0986376
0,0677878
0,0675056
0,00567182
0,049914
0,0272678
0,0135721
0,0547371
0,0207227
0,080458
0,0256087
0,0200043
0,000188152
0,0095633
0,000795958
1,52546e-06
0,0957346
0,0660898
0,0190758
0,0268454
0,000979496
0,0608772
0,0167871
0,00427205
0,0971856
0,0368667
0,013189
0,029343
0,0364884
0,113063
0,014163
1,34342e-08
0,00638566
0,0789549
0,0171654
0,0506236
0,0381843
0,00751824
6,18737e-09
0,03813
0,0357703
0,0129613
0,0132524
0,0478034
0,0755989
0,0043741
0,000866968
0,0118829
0,00641589
0,000693512
0,00734742
0,0238659
0,0212258
0,034293
0,0430612
0,00466547
0,044239
0,000518128
4,36916e-05
0,0692268
0,000180757
0,000275935
0,0129914
4,29393e-09
0,0271842
0,0838357
0,0158065
0,00103554
4,36756e-06
0,0145608
2,15677e-06
0,0175931
0,0658581
2,22082e-05
0,000118008
0,0515877
0,0468598
0,101073
0,058444
2,46981e-05
0,000904039
0,000178228
9,93577e-11
0,00666145
1,23741e-05
0,0396837
0,0239216
0,0166323
0,000175829
0,00453767
2,03056e-05
0,0521552
0,143093
0,00185326
1,24617e-05
0,117868
0,101123
9,89542e-05
0,0138098
0,0096367
0,00332987
0,0741488
0,0709114
0,0465725
0,0253213
0,028135
0,0529782
0,0435073
0,032616
0,0101294
0,115584
0,0123441
0,000127845
0,086834
0,00133446
0,022976
0,0259183
0,00920828
0,000780638
5,43631e-06
0,000115543
3,72041e-06
0,0234436
1,07148e-05
0,000186711
0,0138879
0,0075246
0,0248843
0,0740478
0,0402623
0,00760713
3,43221e-07
0,00213269
0,0182876
2,35428e-05
0,000974487
0,0640134
0,000701859
0,00288674
0,0538827
0,0279226
0,000485482
0,0482196
0,000285134
0,0424575
0,000876857
0,040596
0,0576851
0,00961789
0,0031055
0,0141874
0,0483419
0,0593359
0,127764
0,00486394
0,0113266
0,0108221
2,95101e-05
0,0334224
0,0361664
0,0485462
0,000257049
0,0152132
0,0896067
0,0114616
0,0340021
0,00300184
0,0219013
0,0224915
3,6637e-06
0,0010642
0,0314354
0,00355735
0,00121875
0,0346163
0,118533
0,00136286
0,00548809
0,00956355
0,000781635
0,0174889
0,00530536
0,000677151
0,00681826
0,00296741
0,00496862
0,0452026
0,00593493
0,175828
0,0591306
2,66162e-06
0,00106515
0,148283
0,107101
0,023516
0,000843848
0,00765636
1,52249e-06
4,05318e-05
2,84306e-05
0,01819
0,0141378
0,0134581
0,0446554
0,0645647
0,00085681
0,0651961
3,46478e-06
0,0145586
0,0354661
0,0467289
0,0278945
3,23786e-07
0,0404479
6,8039e-05
0,0135409
0,0124918
0,102069
9,53056e-07
9,38995e-05
0,00163178
0,000387181
0,0120035
0,00143
0,0293075
6,15342e-05
0,0334976
0,0288743
0,141647
0,00210254
9,77834e-05
0,00161969
4,82551e-07
0,0694601
0,00964331
0,0037868
0,00410654
0,0140996
0,00101568
5,51132e-05
0,02423
0,0458314
0,0210572
0,000859433
8,22708e-08
1,67465e-05
0,0358732
0,113313
0,138975
0,0135864
0,0061724
0,00364542
0,01089
0,0057858
0,000620045
1,76568e-07
0,000295117
0,00668726
4,85191e-07
0,13045
0,000768692
3,0439e-08
7,74535e-05
0,0019317
0,0238583
0,0143935
0,00891973
0,0403225
0,000172687
0,00279689
0,0596286
0,0909597
4,52668e-05
0,0383638
0,0444433
0,0387901
0,000183353
0,00858955
1,86692e-05
0,0159431
0,000156132
0,00114989
0,000879666
0,0874447
0,0536285
0,00227938
0,000271691
5,61838e-10
6,88525e-06
0,0274217
0,0360613
0,0142907
0,0106849
0,000697851
0,0262275
0,00388822
0,0133667
2,61227e-06
0,0388391
0,0800929
0,0330939
0,142649
0,0404947
0,00053604
0,000741806
0,000933933
0,0163395
2,13028e-06
0,0636894
0,074119
0,0129706
0,040205
0,0998996
0,0131802
0,0130186
0,0581785
4,60499e-10
0,00474995
0,0524549
0,000147051
0,0431562
0,00273426
0,0476458
0,0380084
2,05384e-05
9,47474e-05
0,037296
0,029052
0,0193676
0,000253916
0,00555077
0,00867632
0,147555
1,49188e-08
0,0117885
0,0188524
0,000139892
0,0027982
0,0255195
9,5885e-05
0,0150388
0,00657565
0,0695274
0,000113405
0,112626
0,019544
0,0611725
0,0284374
0,0664616
0,0595169
3,31035e-06
0,0307902
0,0202831
0,0130525
0,0462727
0,0629192
0,00493575
2,00225e-07
0,00998405
0,154631
0,00453278
0,00356232
0,000130285
0,0735217
0,10788
0,0169023
0,106995
0,0134744
0,00014868
6,00063e-05
0,021332
0,00192792
0,064584
0,000790826
0,0214016
0,000794966
8,65296e-09
6,85723e-08
0,00995207
0,0153343
0,0376913
2,27346e-06
0,000144684
0,0160403
0,0292909
0,0487011
0,0376683
0,04439
0,00384813
0,00100654
0,0159723
3,61508e-06
0,00100414
0,0819139
0,0139312
0,00194354
0,00429073
0,0386204
0,000589861
0,00322082
0,0572814
4,05579e-09
0,000249164
0,0325794
9,23242e-06
0,00133698
0,0423192
0,0205878
0,00752575
3,15861e-07
0,0184044
0,000377696
0,127907
0,00888053
0,0438392
0,00068797
0,0491328
0,00071619
0,00471843
0,016048
0,0272796
0,0988395
0,00201492
0,00545584
0,000935915
0,0299259
0,00288794
0,0256748
0,0260399
1,24284e-08
0,00604353
0,0145823
0,00110862
0,0181666
8,9033e-05
0,0497727
0,0669143
0,0344662
9,52503e-05
0,000836118
0,012997
0,00622989
0,112564
0,000103311
0,0394039
0,00263674
0,0206448
0,0570406
2,00487e-10
0,0928781
1,51327e-05
0,0478439
0,0487128
1,50877e-06
0,000351379
0,00227023
0,000459933
0,118168
0,0551348
9,73576e-06
0,000115437
0,000854907
0,099575
1,99447e-05
0,0130003
0,000878099
3,58255e-08
2,97894e-07
0,0279293
0,0071875
0,0104133
0,00248424
0,0832094
2,01342e-06
0,0142556
0,0964698
1,96402e-05
0,00219779
0,00211321
0,000340181
0,0764026
0,0544296
0,0217542
0,00376571
0,0199703
0,00330422
0,0169436
0,0324698
2,86557e-08
0,00982478
0,0135725
0,00404303
0,0519721
0,0310176
0,0446635
0,0193148
0,0906533
0,000259141
3,2081e-06
0,000184064
0,0803951
0,0726108
0,023036
0,00696367
0,0544242
0,0505505
0,000145736
0,0096346
0,0169946
0,0461481
0,010514
0,00480569
0,0013262
0,000484527
0,0193659
0,0817831
8,7302e-07
0,111239
3,64532e-05
0,0932817
0,0125336
6,05736e-09
0,00159713
0,00069987
0,0800803
0,00796528
0,0591785
0,053621
0,0462493
4,68863e-09
0,103353
2,54942e-07
0,0402742
0,0932979
0,0150314
6,76505e-06
0,0156721
0,000335762
0,103725
0,0355102
2,97233e-05
0,00672408
0,0168868
0,0248413
0,0178341
0,00674942
0,0180067
0,00321957
0,000126086
0,146604
0,00586411
7,75729e-05
3,58841e-05
0,0204156
0,000201238
0,00343677
0,0007383
0,00348077
0,0907517
9,23666e-06
1,43329e-07
0,0155395
0,0278481
9,14641e-06
0,100504
0,0133449
0,000224047
0,0613724
0,0153725
0,0141787
0,0242862
0,0310939
0,0161784
5,31038e-11
0,00504205
0,0120534
0,00804024
0,0209199
0,00159407
0,0493869
0,00957668
0,00209455
0,0108471
0,0415924
0,014067
0,00912044
1,5961e-05
2,28847e-06
0,00732316
0,000285121
0,029833
9,26287e-05
1,22051e-07
0,0242803
0,0455698
0,0194972
0,0292128
0,00920386
0,0176353
0,000217809
2,10984e-05
0,000375774
0,0446296
0,0342809
0,000119795
0,000135952
0,0800717
0,00243053
0,0177409
0,0539426
1,13739e-05
0,00105668
0,0168944
0,00132973
0,0793921
0,0167853
0,101738
0,000235496
0,0148395
0,0209861
0,0554378
0,0333445
1,09108e-06
4,99066e-07
0,000309818
0,0126049
8,41278e-08
0,0203091
0,000119565
6,70735e-05
0,0298015
6,7359e-05
0,0817811
0,0454682
0,0225465
0,064479
0,0170773
0,0214019
0,00655905
0,000706318
1,91957e-05
0,0164452
0,0320488
0,000330631
0,0765299
0,0181543
0,00292429
0,0109187
0,000286934
0,0143282
0,0321364
0,00108022
0,00292828
0,0506483
0,0179817
0,040518
0,0198696
0,0393909
4,3879e-05
0,0568408
0,0254314
0,0170734
0,0260768
2,60734e-05
0,0791781
0,00202563
0,00314513
0,00542745
3,00144e-06
0,0205659
0,0121671
0,0718884
0,000754354
3,10544e-07
0,00376112
0,0224756
0,00141332
0,0101652
0,00671756
0,0233506
0,000288318
0,00376029
0,0399873
0,00381632
1,0082e-10
0,0545265
0,0151936
0,00622506
0,034734
0,0289432
0,00147519
0,0207936
8,23821e-10
0,000186453
0,000214177
1,22074e-05
0,0979323
0,132095
0,0403975
0,0720297
0,00175966
0,000205019
0,015231
0,0736061
0,00459795
0,0992592
0,0517244
0,00031711
0,0383021
0,00639123
0,0253961
0,0846068
0,0104105
0,0983534
0,0844231
3,13281e-10
0,0295452
0,0144441
0,0147459
0,0370861
8,76953e-05
0,017246
4,8682e-12
0,0266096
6,12762e-05
9,6097e-06
0,0151971
0,0395398
0,113901
0,0554791
0,0796342
0,102181
0,000503558
0,000236976
0,000455403
0,0390218
0,0157506
0,00595499
0,0204715
0,00907856
0,0580459
0,0107499
0,000218336
0,000135976
1,49563e-06
6,11695e-06
0,0273694
7,43705e-07
0,00766826
0,0898499
2,81598e-11
1,15859e-05
0,158465
0,0199059
0,0371165
0,000491251
4,61217e-06
9,71192e-09
0,000313482
0,00407603
0,0178737
0,0750063
0,00601718
0,0430043
0,0583364
0,0523493
0,135136
0,0267521
0,00014135
0,016133
0,027548
0,000130946
0,000487502
0,000718465
0,0351658
0,0167341
0,0169869
0,0137679
0,122337
0,00147334
0,0550169
0,016184
0,0212432
3,68476e-08
0,036499
0,0284349
0,00182203
0,0750851
0,0715925
0,0553779
4,3368e-07
0,0142003
0,0387263
0,0557222
0,0524073
3,69705e-05
0,0155852
8,20593e-06
0,0298662
0,0545797
0,00013836
0,084413
0,000226036
0,000124594
0,0220162
0,028779
0,0450735
1,32337e-05
0,055915
0,0442462
0,0148876
0,00253413
0,0346302
0,0111783
0,0122494
0,0236157
0,0210217
0,00297077
0,0754513
0,0423176
0,0801176
0,0340225
0,0441576
0,0163191
0,0305858
0,0110203
0,0028785
0,0638596
4,5898e-05
0,0497106
0,0464013
0,00469203
0,102295
0,0568041
0,0361942
0,0272937
0,000959059
0,0351299
0,0295269
0,0389808
0,0525007
0,0305325
0,0210948
0,019317
0,0450245
0,0147894
0,00688232
0,0151411
9,27895e-05
0,133496
1,11446e-10
0,0102175
0,139978
0,00130702
0,0119866
0,135406
3,89867e-06
0,0407266
0,00294094
3,98926e-07
0,0029708
0,0133235
0,00933635
0,0694204
0,0640554
0,00697861
0,053314
0,000959868
5,42358e-06
8,61318e-05
3,88692e-05
0,00087576
6,27539e-09
0,015882
0,00281418
0,0192395
0,0206305
0,00678799
0,00179378
0,00139405
4,04468e-05
0,0279999
0,0114795
0,0143381
0,128412
0,00030653
0,0709773
0,0205445
1,02202e-05
0,0628505
0,0855568
0,0463296
0,000488128
0,0001135
0,00515407
0,0145356
0,0551918
0,0109872
5,55533e-08
1,79592e-06
0,0188466
0,105905
0,0421418
0,030463
0,00590695
0,0377481
0,00229273
0,00209217
0,054966
0,118499
0,00242435
0,0524148
0,0105891
0,000427299
0,00854166
0,024351
0,000222551
0,0323107
0,0930139
0,0139204
0,00519046
0,00382871
0,032378
0,000195392
0,0447778
0,0691583
0,0364089
0,00308473
0,0059879
0,00199978
0,0074597
2,23223e-05
0,0978052
0,00807601
0,00503814
7,7374e-09
0,0636846
0,0200647
0,136033
0,0654902
0,037744
0,0242018
0,00391887
6,53059e-05
4,35513e-05
1,21634e-06
0,000678139
0,0913671
0,0120251
0,0268095
0,00252258
0,0121619
0,033647
6,18957e-05
0,00014059
0,0434894
0,0191452
0,035057
0,0881963
0,0263445
0,0146036
0,0338453
0,00859886
0,000197515
8,55559e-14
0,0514454
8,56054e-09
0,0113521
8,45918e-05
0,0196627
0,0870644
0,00812481
0,0888639
0,0002855
0,0936665
0,0251107
0,00843346
0,00017364
5,22317e-05
0,114968
0,0694773
0,00212449
0,03728
6,52133e-05
4,30167e-09
0,0578533
0,0136634
0,0976803
0,00207372
0,120102
0,0109479
0,0299545
0,112918
0,00987815
0,00776683
0,000233156
0,0015986
0,00650365
0,0111351
0,000257509
0,0089592
0,0217391
0,0375618
0,0268311
0,0348861
0,0245138
0,00485846
0,00324354
0,000746527
0,0210901
0,00886649
0,00168831
0,00176092
0,0295655
0,0131423
0,00183989


GROUNDTRUTH
0,015782
3,10554e-09
1,92905e-07
6,12557e-17
1,15557e-12
1,55309e-14
0,000202073
1,00778e-16
5,09675e-08
2,64416e-20
0,00026864
2,88176e-12
5,22067e-05
4,20389e-05
9,00913e-08
1,0713e-16
1,13304e-08
8,07136e-21
3,35518e-14
2,07788e-13
8,3887e-07
4,09949e-14
2,38755e-10
5,11898e-10
0,00699466
1,76116e-28
3,25812e-10
2,97141e-11
8,01996e-05
0,0203136
0,0312436
4,41641e-10
1,17658e-05
8,48382e-16
4,66251e-21
0,00461402
1,64811e-08
1,582e-11
0,00642458
6,64197e-07
5,42336e-07
4,13124e-15
4,62397e-08
2,40528e-16
1,55113e-10
6,95222e-15
3,30709e-20
6,73659e-12
1,81621e-19
1,07532e-06
1,98311e-08
5,12142e-09
1,10685e-07
2,43667e-11
1,89145e-14
1,85968e-07
5,2071e-07
1,46448e-10
1,48387e-12
0,000108074
1,31677e-17
0,00530662
9,09614e-06
4,63154e-14
3,63964e-15
4,55667e-09
5,2434e-15
1,91223e-10
4,14233e-07
0,0272803
5,23309e-07
0,000260048
1,73089e-12
0,000598067
3,64068e-12
6,25905e-09
5,03186e-12
4,37055e-17
3,88763e-13
1,9961e-08
1,19546e-35
0,00711881
2,60544e-07
5,27313e-05
6,71396e-23
0,0105581
5,02445e-12
9,37817e-05
3,6131e-06
5,2274e-18
9,18004e-12
1,7479e-07
4,69617e-15
5,4307e-23
1,80335e-18
1,32295e-18
0,00182555
2,44311e-12
2,03436e-16
3,05558e-08
0,0228287
8,59872e-19
4,52588e-14
1,78837e-20
1,50276e-09
5,09109e-13
1,09827e-07
0,000920281
0,000710267
0,00152926
0,00238479
0,00290229
5,34141e-14
1,86641e-18
0,000110383
1,21147e-09
1,0413e-06
4,10448e-08
1,30222e-09
6,4518e-08
1,31614e-07
1,55961e-17
6,78687e-05
0,000513414
7,40136e-15
5,31875e-05
2,73914e-28
0,0179084
0,00011821
2,09867e-13
6,77754e-07
0,00345886
0,0422415
7,49086e-17
6,31599e-12
2,2402e-16
1,19484e-09
0,0236427
4,24117e-05
2,93487e-05
0,00481104
1,98802e-09
1,98191e-11
0,0219506
9,30882e-13
3,63153e-06
0,00154948
8,14505e-14
9,14169e-18
7,97638e-09
3,56829e-06
2,79068e-10
3,17857e-20
1,77364e-05
2,40492e-16
0,0387133
1,54407e-08
0,00249306
3,70913e-05
0,000654571
2,96102e-31
0,00864064
4,16831e-08
0,00866713
1,12098e-19
6,76355e-19
3,0347e-18
0,000932493
8,43438e-06
6,95713e-16
1,93442e-11
8,67481e-17
3,48496e-07
1,54696e-09
2,53994e-16
1,02499e-10
0,00041772
1,14825e-16
4,57701e-10
4,22648e-14
1,26674e-10
1,29047e-05
4,18663e-13
0,00033681
7,04934e-08
3,62806e-06
0,00017936
1,0574e-09
9,11e-17
1,87131e-11
4,81732e-11
0,0413064
1,16376e-15
0,0188643
0,0099291
1,30194e-08
0,00738241
4,60868e-26
0,0368384
0,0125116
3,32493e-11
1,23172e-07
3,32237e-22
0,0146912
2,59224e-18
8,23814e-17
1,78207e-07
3,35038e-09
1,59476e-13
3,58923e-18
0,0614139
6,51728e-09
4,8883e-20
0,00058164
1,52609e-13
0,000869854
1,69857e-08
1,08946e-13
0,000365265
0,000219023
8,28764e-18
1,59817e-12
0,0118099
9,0252e-11
0,024001
8,40901e-14
5,34511e-07
7,92686e-18
0,00168012
0,00630843
5,69211e-20
8,28851e-09
4,62e-08
7,66932e-25
3,7894e-08
1,84798e-14
0,00871032
2,47659e-09
5,08755e-08
7,96383e-07
1,51449e-14
8,49449e-12
1,31888e-16
2,88427e-11
4,9832e-24
2,96458e-13
1,98502e-19
8,81049e-05
1,14628e-16
7,815e-07
2,89197e-12
0,0031259
1,7182e-16
2,24668e-22
5,41311e-10
8,3781e-13
4,34285e-13
1,25574e-09
9,47052e-17
3,58281e-15
8,07979e-09
0,00452368
1,14652e-13
0,0137158
7,61878e-13
1,97172e-19
1,17459e-23
2,10459e-11
2,16167e-14
1,38066e-07
6,60901e-06
8,62467e-20
1,58396e-12
6,6786e-21
7,10851e-23
5,93328e-18
1,20507e-12
0,022775
3,21791e-18
1,58432e-11
9,87401e-05
1,56734e-07
0,000357711
3,25247e-09
0,0116784
1,09299e-10
3,1445e-08
0,00217296
5,26213e-20
2,17441e-16
0,000193193
0,0200031
3,88348e-17
0,0570576
1,70468e-07
3,49794e-11
1,43121e-10
0,00840856
6,79361e-09
2,9407e-06
1,47818e-13
0,000867407
1,66097e-13
1,24102e-17
0,0076335
2,65439e-05
9,98436e-12
1,92948e-09
1,48454e-11
2,25622e-13
1,90188e-19
1,05265e-07
1,82205e-13
3,59746e-27
1,43862e-14
9,54804e-11
4,08653e-13
9,34923e-16
1,41944e-09
4,7877e-06
3,3012e-08
2,10196e-06
1,18035e-14
3,49704e-25
2,35782e-10
6,65979e-06
1,77156e-32
9,28887e-24
0,00737815
6,60422e-13
3,32053e-08
1,23351e-11
0,0184407
4,93723e-12
3,31062e-06
4,79272e-08
0,00803751
1,36654e-22
1,99572e-11
1,13901e-10
4,34441e-08
3,46221e-17
5,47318e-25
0,00570783
1,07967e-16
1,68787e-06
1,32264e-09
9,34252e-17
1,22976e-06
0,00055962
3,33965e-07
0,0189254
1,29128e-05
5,38628e-06
1,97112e-18
0,0050465
0,00163957
8,52132e-07
3,64496e-12
3,41942e-07
1,25353e-20
6,55417e-22
1,00217e-12
2,33195e-11
0,121128
1,83285e-13
0,00765269
3,13127e-13
0,0082581
1,8261e-05
0,0193334
2,07316e-06
1,40405e-21
3,32871e-06
1,85109e-14
0,00806622
4,33349e-09
0,015533
8,20523e-13
8,29678e-09
4,59816e-06
0,00107691
3,13549e-21
0,000290031
1,58878e-08
0,00384692
9,97958e-05
8,37599e-20
1,81798e-09
0,0447406
0,0040564
8,01529e-16
9,37889e-09
1,83906e-19
0,000129159
5,86615e-26
1,50275e-18
8,47658e-05
7,28189e-16
1,47315e-17
4,56652e-21
4,62728e-14
6,79462e-17
1,81528e-11
1,69188e-13
0,00934458
4,25767e-07
3,56579e-19
1,52005e-06
6,52161e-18
1,9395e-11
0,014813
0,0393687
6,93896e-10
0,041821
3,67213e-21
3,08177e-09
2,88283e-10
0,00536304
3,75063e-23
1,19163e-12
0,0195379
4,26792e-31
4,07543e-16
1,85264e-08
6,41464e-06
6,91566e-18
3,48251e-18
4,8458e-07
0,0201647
5,1229e-13
4,35165e-21
1,63903e-08
0,0841253
8,44834e-17
0,00131943
7,30044e-09
3,01771e-05
1,41618e-05
6,4191e-17
2,22621e-14
4,32568e-12
9,54161e-26
1,57917e-05
0,0482746
0,000953807
4,34298e-10
0,00249036
1,04371e-10
6,10788e-10
0,000381293
0,00023138
5,80966e-15
2,62134e-13
0,0437884
6,01335e-06
0,00481649
3,87687e-23
1,12048e-08
4,91127e-13
0,00712785
0,0156707
0,00129047
4,81034e-15
1,20639e-12
8,78977e-07
1,24025e-13
0,0205945
3,70797e-20
8,34633e-30
4,81443e-07
0,0282296
4,78593e-10
1,11439e-18
0,00175393
3,14766e-10
7,28905e-15
9,87666e-07
7,15853e-10
3,22954e-25
2,95659e-21
0,000205961
2,52897e-22
1,6408e-11
7,87847e-20
1,8795e-17
1,60959e-07
0,0135115
1,9409e-06
8,60178e-16
0,0352418
1,67574e-14
0,0878214
2,85471e-11
0,00674557
0,0367919
1,84102e-18
2,28454e-20
0,00233295
0,00194033
0,0227754
0,000256488
6,25265e-05
5,17329e-24
3,84922e-06
0,000136681
7,8103e-18
3,05974e-18
1,65714e-07
5,45099e-10
6,84636e-06
3,08477e-18
0,0140046
1,43759e-23
0,0519683
9,80906e-14
3,28864e-19
1,27029e-14
1,69499e-12
0,0290545
1,69527e-11
0,00582446
1,0527e-12
8,8467e-17
1,92027e-06
5,65419e-11
3,89329e-09
0,00251842
7,04788e-10
8,93156e-06
0,00547359
4,92173e-25
0,000716688
6,87081e-21
1,03121e-07
3,86283e-15
1,00084e-11
1,54469e-24
1,90638e-10
2,97549e-11
8,72888e-06
0,00528252
0,00311919
1,86232e-08
1,17174e-08
1,31365e-15
1,85844e-05
2,53116e-07
0,000663429
9,7629e-19
2,75358e-12
0,0245467
4,07167e-09
1,89344e-07
1,93681e-08
0,030299
1,1348e-19
0,000546376
6,82225e-15
1,09226e-09
4,78251e-09
7,21502e-15
9,68741e-09
2,12945e-10
1,34133e-14
1,00084e-07
3,63994e-09
0,00987953
0,00600485
4,98424e-09
8,10461e-16
1,10254e-09
4,79645e-18
7,73962e-20
3,80521e-09
5,33345e-17
4,65575e-13
0,0224569
3,04533e-18
1,41772e-09
1,1417e-21
2,57568e-08
8,40414e-14
7,88403e-19
6,86871e-14
6,55626e-12
0,000973134
0,0174311
1,68674e-23
0,00545182
2,70871e-11
2,24632e-08
1,8931e-15
3,69282e-13
3,48137e-05
1,11331e-27
1,6211e-07
1,26636e-08
1,65814e-17
7,93943e-16
8,85043e-15
0,0107523
2,84764e-20
6,00808e-25
3,65407e-10
2,74274e-11
1,36198e-10
0,0189749
5,6585e-10
1,44525e-13
3,7729e-18
7,87456e-20
7,00077e-26
8,12948e-12
8,37719e-15
2,49915e-07
7,96318e-05
2,51949e-14
6,52452e-05
4,17797e-13
5,66603e-08
5,56504e-22
1,83161e-19
5,81093e-15
1,69411e-06
9,38916e-20
9,28062e-10
9,45429e-09
1,20352e-16
8,76568e-19
0,00747903
3,79856e-07
0,0203164
7,47293e-08
0,000481079
1,03532e-09
2,96583e-18
0,000380918
1,40803e-17
1,15236e-09
2,37761e-06
0,000136984
4,48897e-06
5,9024e-18
2,46134e-18
0,00364252
0,0065937
2,80363e-10
7,23705e-13
0,00025124
1,29303e-09
3,46468e-17
3,14419e-20
1,90245e-26
1,14385e-06
8,24972e-16
1,65689e-17
1,24245e-22
1,92871e-05
9,05593e-08
0,0198139
1,1237e-06
0,00948531
4,06926e-09
0,0208837
0,00922902
3,55446e-05
0,0118942
1,33963e-18
2,30152e-10
0,000889416
1,78357e-11
9,08587e-18
0,00976606
9,1911e-12
6,34799e-18
0,0223765
1,20369e-14
0,00096645
1,09751e-09
6,01321e-10
5,01266e-17
0,0301689
0,0138654
0,000190035
1,98334e-13
1,64013e-16
0,00405633
7,66318e-17
1,15948e-21
5,30246e-14
9,24014e-05
5,7329e-13
7,90099e-08
0,00931693
1,9496e-14
1,38266e-12
0,0574954
1,71273e-09
2,87421e-09
0,000103706
1,68432e-05
7,92852e-08
4,95563e-18
0,0103292
0,00359916
3,4066e-06
1,59398e-09
1,94244e-08
0,0254802
1,66545e-08
0,000388655
1,0179e-14
4,11668e-09
1,30304e-12
4,37642e-07
9,74246e-26
0,0265688
0,000659034
1,30972e-11
0,0447123
0,0153876
7,30746e-20
1,5224e-16
4,7387e-15
6,01609e-26
5,79016e-08
1,62399e-12
1,23313e-30
4,7077e-08
3,96294e-12
7,16503e-07
5,53988e-11
2,63791e-09
1,52687e-05
4,97643e-09
1,37528e-24
8,09078e-06
0,00452173
5,78625e-07
7,39513e-10
8,65724e-09
8,29726e-16
3,51452e-10
2,81324e-06
0,00377979
5,14613e-23
1,37503e-06
5,24849e-08
0,0344816
8,46312e-16
8,36235e-18
6,10554e-18
3,56026e-16
3,73052e-10
3,52167e-14
0,00723643
1,98685e-14
0,0214612
1,49425e-14
2,53846e-08
5,80622e-12
0,000285451
0,00592259
2,15871e-15
0,0430641
0,0142302
0,00445721
0,00288758
3,96519e-16
6,75609e-08
0,000106524
8,65607e-09
0,000109608
2,80449e-27
4,66195e-17
6,10322e-20
7,93025e-11
1,39726e-11
1,19516e-14
4,57414e-17
7,82612e-09
0,00829194
4,05737e-06
1,11816e-06
0,000809291
8,79488e-07
5,93374e-08
1,14973e-19
2,65759e-07
2,98891e-10
4,77305e-17
2,93019e-14
1,83138e-10
6,93918e-11
2,42913e-18
5,83922e-06
0,00450503
0,00559907
0,00892797
8,70196e-14
0,0328921
0,0215778
0,00121212
0,0193909
0,0107966
3,57329e-15
0,0034333
8,80699e-14
1,23622e-16
1,48226e-18
2,35599e-11
1,0759e-06
5,0213e-15
4,54613e-10
3,01518e-13
0,0252489
1,80726e-12
1,35181e-18
1,60843e-13
0,00175672
4,28146e-05
3,03937e-09
0,0124764
4,19878e-11
6,76133e-10
9,79583e-06
0,00776906
4,23063e-15
0,000634297
0,00421882
0,0369736
6,53406e-06
2,5475e-06
1,61752e-11
6,75087e-12
2,04117e-06
1,7938e-19
6,72758e-09
2,22234e-07
8,03464e-12
2,79237e-07
0,000195177
1,08995e-07
1,21607e-08
7,62125e-17
2,34823e-11
0,00336444
0,0226922
1,13249e-14
3,9117e-11
1,05004e-07
1,90881e-19
4,41558e-15
0,00773144
3,89311e-07
8,61917e-07
2,9668e-14
2,77712e-07
3,50993e-06
1,21147e-06
7,40852e-13
6,81361e-08
1,59671e-22
1,24502e-09
0,0102599
0,00438526
0,0203551
3,47712e-06
3,56338e-06
5,3998e-15
2,53593e-05
4,70732e-14
3,68571e-09
1,70792e-08
1,50386e-27
2,84542e-13
2,72916e-10
1,01621e-12
1,42451e-09
4,77166e-06
0,0156193
7,41235e-06
7,96319e-05
0,00125399
9,15735e-14
1,10185e-06
3,08323e-22
1,85294e-14
0,00114205
0,00973001
0,000200468
0,000219961
1,92092e-05
1,31214e-23
0,0365201
7,19457e-08
0,00939231
5,24699e-15
5,25122e-14
1,61371e-09
4,94238e-10
8,58766e-07
3,30249e-31
0,0309663
3,60306e-13
3,75059e-15
8,5994e-09
3,19568e-10
1,24461e-21
1,04433e-17
1,14496e-18
5,61142e-09
0,00522941
2,63158e-08
2,558e-05
2,70419e-20
1,87993e-06
2,01777e-22
0,0560621
8,1811e-07
0,000174479
4,06993e-09
6,16037e-11
0,000109304
8,06642e-20
2,62501e-18
2,0361e-14
7,6838e-17
1,32652e-18
1,6236e-14
4,9184e-20
0,0215723
0,00290616
1,22274e-10
9,21692e-18
0,157259
5,98402e-15
6,11484e-11
1,45514e-11
0,00455533
4,94388e-07
7,76624e-20
2,05674e-09
1,47668e-19
9,45909e-06
8,72557e-11
3,63973e-26
2,65078e-06
0,0368208
5,7102e-09
9,46836e-23
1,39444e-06
7,74739e-21
3,19798e-05
3,01448e-10
1,64633e-12
1,07278e-12
3,2861e-10
2,03994e-07
0,0115246
0,0244193
0,00335101
5,12031e-13
0,000107375
4,11558e-10
0,0211579
1,20153e-10
2,26169e-21
6,33019e-18
4,5438e-12
5,70789e-13
5,24404e-20
0,00529372
5,05581e-15
5,57643e-15
7,90208e-09
1,19904e-07
2,6495e-20
6,44843e-10
0,0170391
4,30817e-05
1,87823e-12
0,0033965
1,62666e-13
2,48658e-15
0,0334329
9,54817e-13
0,0172538
1,69763e-05
9,38401e-18
3,56102e-16
3,24337e-22
3,98247e-10
0,000366425
6,39345e-22
5,47834e-27
2,07289e-22
0,0138565
1,04121e-20
5,55099e-05
0,0358482
0,0339781
2,32316e-12
1,12077e-07
6,86332e-27
1,18828e-10
0,000140599
5,9032e-09
1,70026e-15
5,48266e-15
0,00376491
1,55671e-26
6,54102e-05
2,59363e-09
0,00159651
1,07829e-06
1,4685e-06
0,00753704
3,95065e-15
0,000839298
4,18727e-08
1,47976e-07
7,24115e-16
9,92976e-05
1,39872e-25
1,55086e-05
0,0583832
5,07236e-08
1,28244e-06
8,65513e-05
2,71181e-15
1,86215e-14
2,1224e-24
0,017839
2,85062e-18
1,84632e-11
5,61064e-18
0,0156316
5,88047e-12
7,46185e-13
1,94981e-06
0,00248137
2,02883e-10
4,84775e-14
9,75703e-13
5,206e-06
5,65285e-05
2,03114e-09
2,7882e-08
0,00764623
4,36587e-10
0,000375198
3,10906e-10
0,0648832
1,60696e-16
1,00962e-17
5,55201e-13
5,98765e-08
8,73946e-16
6,63661e-11
8,81296e-14
8,85001e-17
5,86669e-25
4,99571e-23
1,80054e-13
0,00714981
3,3182e-14
1,18292e-12
3,30361e-10
1,499e-13
6,05139e-12
0,0205893
2,02404e-27
1,36728e-14
8,59551e-07
2,97948e-12
4,06977e-09
0,000246408
4,77826e-09
4,74687e-22
0,013432
4,70698e-12
4,74525e-28
0,00155017
2,20214e-09
2,88233e-05
0,0249425
2,68922e-31
4,41639e-16
1,4939e-06
5,93454e-14
3,73431e-09
9,89651e-06
7,1692e-05
1,56316e-06
1,0326e-16
0,0494642
0,0131596
1,24882e-14
2,35699e-08
0,00021066
2,31959e-05
0,000422163
3,93668e-08
1,26557e-11
5,75664e-15
1,65549e-21
5,08164e-13
7,39359e-06
6,72216e-12
0,049966
0,130388
1,02146e-19
4,72343e-28
8,87084e-15
1,31968e-09
4,25416e-15
1,65653e-24
0,000117514
2,27978e-10
1,34376e-14
5,79927e-09
4,58124e-23
1,25895e-13
3,33097e-10
0,0552041
5,61034e-12
6,80444e-19
1,81288e-09
4,86737e-16
1,60309e-16
1,95175e-07
0,0188432
7,58524e-20
3,86566e-18
4,9837e-08
1,0847e-10
0,000229005
0,0618203
1,35627e-11
1,62539e-17
8,38203e-11
7,59556e-09
4,50488e-10
0,00794194
3,65863e-08
0,00430178
1,21061e-10
6,64659e-11
3,20019e-05
0,000944223
1,96426e-06
1,14989e-18
4,1423e-08
4,06413e-06
7,80205e-14
0,00137272
0,00732976
0,0561902
6,40579e-09
5,0119e-23
9,35411e-10
1,3576e-13
6,81423e-07
0,000109602
2,61114e-07
1,08971e-13
0,00676727
1,33812e-16
1,07022e-17
7,48698e-11
2,03065e-14
2,42315e-05
0,0535412
0,000362431
9,32651e-08
2,21542e-11
5,10303e-17
0,0844428
4,1833e-05
2,58331e-14
4,60014e-22
0,00041435
1,14157e-11
4,91197e-19
6,29881e-09
7,27829e-12
0,0031709
7,39459e-05
7,35609e-07
3,65171e-16
0,0465608
0,0188236
3,41611e-06
4,07448e-12
2,68691e-10
5,056e-14
2,99869e-06
2,60648e-19
8,1374e-25
5,52479e-17
0,000123851
0,0338125
6,60622e-08
1,56479e-12
2,38284e-06
0,000725963
3,3773e-09
3,35929e-20
2,38759e-09
1,21018e-16
2,86199e-12
2,9913e-07
0,000380331
3,4051e-22
0,00063403
1,28e-21
6,19736e-14
1,98012e-09
0,00528875
7,49168e-12
0,0133849
4,71056e-06
0,0675967
4,54201e-05
3,23377e-16
1,14105e-06
1,85972e-17
1,53522e-06
2,21481e-21
0,00371367
0,0081225
1,96799e-12
3,12992e-08
4,05753e-13
0,00344235
0,00143335
4,35275e-08
1,78683e-08
8,86001e-21
6,03761e-14
0,00017629
2,89875e-08
0,00916973
4,47744e-06
3,92255e-12
0,00157245
0,00908755
8,33719e-06
1,0602e-20
0,000765739
4,61667e-09
0,029382
0,0035863
4,08069e-18
2,49712e-12
0,0237803
1,27587e-05
2,4642e-12
2,35158e-18
1,099e-09
6,14425e-10
8,67089e-11
4,60655e-17
0,00410782
2,23652e-09
1,34471e-12
9,03832e-18
1,39182e-14
6,56943e-15
0,00108413
5,15241e-06
6,81365e-07
3,58324e-20
8,62435e-26
0,00729273
0,0222007
1,9432e-14
1,33039e-06
2,98697e-15
1,52497e-08
2,41585e-10
3,12584e-07
1,10654e-23
2,9492e-13
1,49929e-10
3,39698e-08
0,00961678
1,78896e-14
7,43363e-19
1,46753e-23
8,08365e-13
0,045531
5,04714e-13
7,05639e-16
6,22923e-10
1,60416e-08
7,02203e-10
1,00035e-16
0,0240396
8,72547e-12
6,35305e-10
7,19569e-26
2,36795e-18
4,51961e-24
6,10245e-13
0,00890809
1,46234e-05
0,00240219
0,00297126
8,70637e-10
7,83794e-16
1,39942e-21
6,28227e-08
4,67422e-11
5,66851e-21
1,0683e-08
2,22048e-11
0,000146986
0,0200401
4,30142e-21
1,42974e-24
5,6824e-09
0,0471179
5,65443e-09
2,55763e-13
0,0189161
1,15626e-11
8,5137e-15
1,02381e-13
1,50829e-11
7,45762e-21
5,14889e-12
9,18099e-12
8,1038e-14
4,10197e-16
1,63829e-05
2,90485e-18
0,0560085
1,49592e-05
0,00393035
3,61711e-22
7,01263e-19
0,0385585
0,00552286
0,052684
4,42376e-30
0,000189916
9,97167e-20
7,50181e-07
7,13916e-10
1,88344e-08
2,37867e-13
3,91173e-15
1,76073e-19
5,32212e-16
5,35491e-08
6,58026e-06
2,33947e-10
6,468e-21
8,30549e-17
9,1391e-12
0,000100904
3,07566e-12
3,41072e-34
2,15043e-18
0,00495064
1,7732e-12
5,34819e-13
7,86175e-10
2,01871e-25
0,000781393
4,65355e-17
4,5647e-27
7,73134e-06
0,0359974
0,0079729
7,55877e-09
3,47894e-06
9,15849e-05
7,26417e-06
1,35747e-33
4,99557e-27
6,99746e-11
0,0149051
1,39137e-09
7,01118e-07
5,31422e-15
2,69896e-08
3,02251e-11
2,26251e-12
1,22028e-18
1,1328e-06
3,02411e-22
3,26497e-05
1,26793e-06
1,6517e-25
0,00273076
5,42486e-11
5,3356e-15
7,2676e-15
2,44952e-21
1,20637e-19
2,16085e-18
8,09959e-07
1,45454e-09
5,66576e-05
1,27375e-20
1,70346e-12
8,83841e-08
1,55022e-18
2,14388e-13
0,000330301
0,0105028
0,000654475
3,75284e-26
3,48104e-06
2,25013e-09
8,79252e-05
8,15747e-19
0,0107173
2,28349e-26
2,04227e-13
0,00427872
0,000524995
1,17635e-10
0,000676911
2,8709e-06
0,000133961
0,00187507
0,0024372
2,50463e-09
3,61208e-07
2,94511e-11
0,00183649
0,00860795
2,02028e-20
3,86869e-17
2,81668e-11
4,3131e-11
5,15336e-09
3,03075e-14
6,6094e-15
0,0144889
1,93771e-09
1,38927e-09
5,01401e-18
0,0486802
2,52006e-15
0,0030373
1,67772e-12
1,27863e-12
2,55691e-06
2,73276e-13
0,0813637
0,00837253
1,70275e-10
0,0166631
0,00201701
7,37092e-11
1,90679e-18
5,46937e-18
8,8069e-08
1,31034e-12
2,7509e-05
2,21793e-11
5,03199e-07
0,0133846
1,6497e-17
7,64172e-07
1,15574e-05
0,0538736
1,91458e-19
9,61217e-22
1,30319e-09
4,90785e-05
0,000487597
0,0411896
1,49766e-13
0,00912482
2,26982e-06
4,72035e-15
1,5336e-16
4,04217e-14
3,48386e-13
1,60076e-19
2,03293e-17
4,90278e-07
8,66082e-11
1,66857e-13
0,0146794
3,84935e-30
7,80429e-06
0,0280018
1,62314e-13
1,9662e-32
0,00691522
7,438e-14
0,00532135
3,34811e-12
3,55669e-06
3,97897e-13
3,59487e-09
0,000521937
1,36747e-20
8,68018e-06
1,1937e-05
6,00272e-05
3,90871e-15
1,29062e-05
2,59835e-08
1,64763e-14
2,64822e-18
1,29744e-13
1,44701e-14
0,00119021
4,91326e-10
3,92808e-08
4,64457e-14
6,39431e-29
1,5665e-11
0,00519616
4,88689e-14
1,46918e-12
2,53653e-06
3,87076e-08
3,80152e-15
0,00183988
4,35845e-10
0,0020395
5,07525e-08
1,30552e-23
0,0287949
7,18719e-22
1,21834e-09
0,00183298
7,85434e-26
4,47126e-24
2,26167e-14
1,91554e-18
0,000171001
3,29775e-10
2,16447e-14
2,30948e-06
5,04555e-20
0,000191116
2,04581e-07
2,16841e-05
0,00986656
0,00761608
1,84335e-13
0,0015402
4,54539e-07
3,07435e-10
1,28792e-06
0,0156305
0,00742393
0,000935857
0,000371243
0,02209
3,6626e-20
0,00432455
1,635e-14
1,71625e-16
2,29267e-07
7,31017e-07
0,0113933
7,69401e-24
2,31826e-17
0,0197616
9,74347e-05
9,26957e-11
4,49472e-11
0,00465503
4,00294e-12
1,68695e-12
1,7247e-20
0,0060141
3,91269e-16
1,17724e-20
1,43434e-16
9,36777e-05
0,0170034
0,0139198
2,39037e-10
1,07531e-05
3,96613e-06
2,41976e-22
9,036e-16
0,00809348
1,28784e-13
4,58027e-16
2,16533e-12
5,13823e-20
4,33004e-16
6,36892e-07
0,0173029
3,12721e-07
0,0738837
0,000230234
0,00115386
9,11581e-16
3,35477e-16
0,000988054
7,19367e-06
2,61674e-05
0,00102214
2,26404e-06
0,0355361
1,09931e-09
1,67839e-24
6,20366e-12
9,12447e-09
8,81882e-13
4,84843e-12
1,12959e-29
9,21118e-05
1,37377e-19
1,22856e-07
3,34333e-05
1,47606e-14
3,09219e-05
1,76684e-22
0,00166882
8,52243e-07
6,12799e-12
0,000117894
1,59719e-14
3,13037e-13
4,0429e-19
0,0193367
0,0188395
0,0546925
4,63742e-20
2,82437e-21
1,06812e-13
8,94606e-07
4,99328e-19
3,47149e-23
0,00159133
0,0349718
0,0323954
1,53283e-20
1,21158e-08
1,18062e-07
4,65526e-09
0,000178798
0,0248976
0,00300032
0,0204242
0,00496715
1,54231e-07
1,53548e-06
0,0296062
1,21886e-09
2,27029e-07
7,14229e-06
0,0224509
6,72454e-13
0,00412452
3,17089e-11
0,000686532
2,81967e-18
1,22616e-20
3,83177e-09
1,7412e-12
2,43251e-09
1,61715e-10
0,0123945
1,51841e-20
3,04664e-05
1,27157e-10
9,35867e-10
4,43106e-14
9,45445e-17
0,00235534
3,60897e-09
2,60021e-21
4,58438e-11
8,07939e-12
4,1036e-11
0,00100857
1,87198e-06
6,14595e-10
0,000618467
9,68517e-06
1,02203e-05
7,45276e-14
1,62379e-14
0,0205379
1,69499e-11
5,98522e-18
9,39111e-05
0,003101
4,65572e-07
1,12253e-16
7,94165e-14
1,20782e-09
1,74352e-22
5,12411e-09
4,82033e-13
0,00083523
7,05464e-07
6,32729e-13
0,0219049
0,0344134
1,59856e-11
0,00849504
1,35106e-18
1,81873e-16
5,29438e-15
4,69782e-19
1,68704e-10
0,00956071
1,36307e-11
5,20653e-18
8,45996e-09
2,57988e-23
0,00310968
2,10483e-15
4,1541e-15
4,20114e-08
5,22252e-17
1,44078e-13
7,25967e-19
2,46745e-10
8,79675e-08
9,52772e-14
1,35911e-07
6,80318e-09
7,84231e-09
8,67292e-14
4,2613e-17
8,37459e-22
1,25149e-09
0,000149917
5,34192e-07
7,88878e-08
1,32173e-09
3,00761e-12
0,0035961
0,00158278
1,26422e-20
1,30797e-09
1,97763e-17
7,26411e-29
1,40962e-07
0,0075815
8,3647e-10
2,59524e-08
5,93215e-14
6,01828e-15
1,30295e-11
0,080901
0,000371469
1,87543e-21
0,0234647
8,51455e-06
3,00775e-09
0,000340084
0,0460277
0,00677556
2,6455e-05
7,81136e-08
0,0259556
0,000761172
2,2105e-10
0,000128229
0,0406501
2,63114e-07
1,99442e-07
2,89364e-11
0,00012316
0,0302777
0,00126315
2,61014e-14
0,00143875
7,22098e-13
2,05526e-10
0,0315695
1,59029e-06
8,72099e-15
0,000208928
7,63941e-09
3,02665e-12
2,29585e-10
6,13355e-14
7,02938e-11
4,54884e-05
0,000737057
0,000238443
1,68509e-11
3,6233e-06
4,04355e-13
2,84875e-13
4,1545e-09
1,82332e-19
3,31682e-05
0,019937
0,000489699
8,0698e-10
5,36356e-12
6,48903e-26
8,47934e-06
4,10585e-12
5,66185e-15
4,02142e-12
5,80264e-07
5,93234e-13
7,54242e-24
1,15661e-13
1,71834e-15
1,64987e-21
7,50432e-14
4,49356e-07
9,73809e-20
1,18258e-10
6,52407e-05
7,67128e-16
1,72112e-07
1,56264e-14
0,050691
0,0328363
1,63309e-12
4,98911e-21
5,67774e-08
4,05246e-13
8,26242e-06
2,52216e-11
2,27869e-06
8,08349e-13
3,03368e-14
7,86741e-12
2,18637e-06
5,76167e-15
1,07677e-11
7,09114e-21
6,9253e-12
3,4965e-13
2,96348e-10
6,79733e-10
8,80791e-15
1,07112e-12
1,43935e-13
4,05996e-15
3,31041e-07
4,82349e-18
6,54436e-13
7,56705e-07
1,98731e-13
3,91455e-12
5,0957e-12
6,84784e-15
3,77388e-12
0,000104828
1,20495e-17
1,13637e-06
5,11941e-13
8,92124e-12
0,00298135
0,027928
2,33328e-18
1,03706e-09
0,0165526
7,45263e-06
5,76917e-18
5,17929e-06
2,63876e-06
0,0113098
7,43386e-17
1,39629e-17
2,4323e-23
5,41281e-11
0,0190116
0,0292332
1,20665e-15
0,00752378
1,62557e-05
0,00854434
9,29946e-24
1,20181e-12
1,45445e-20
1,84251e-10
7,61899e-06
4,45667e-20
5,80322e-07
2,65487e-07
7,04371e-07
3,81275e-12
2,15003e-08
1,41857e-08
1,13209e-23
1,95866e-10
1,08772e-16
0,000969361
2,25448e-11
2,90268e-13
2,87579e-05
1,3133e-09
5,25171e-12
5,51057e-06
0,0025512
0,00158364
7,25034e-12
2,43509e-17
3,34863e-10
5,14892e-15
9,71263e-19
0,0222172
0,0130193
0,000500622
0,000235306
1,50475e-16
2,55218e-14
0,000624556
7,36025e-18
4,47025e-08
1,99204e-20
0,0327504
2,1295e-12
2,38018e-06
1,55845e-20
7,25708e-06
1,18728e-17
1,20797e-05
0,000353858
8,30295e-14
8,45995e-09
1,08215e-13
6,91174e-12
6,74261e-13
2,40535e-11
1,21308e-13
2,58241e-20
7,48213e-10
1,89977e-13
8,50859e-10
3,35393e-08
9,94202e-14
4,15531e-12
3,78149e-17
4,72635e-07
1,81285e-05
0,0304582
0,000727875
3,17681e-16
8,90596e-18
3,61411e-13
4,36798e-14
7,96436e-12
0,00768736
1,19867e-09
6,80824e-21
2,04286e-08
0,00311379
7,69869e-18
5,83566e-12
8,76803e-21
1,62704e-21
3,12879e-13
1,14697e-07
2,23881e-05
3,59529e-20
0,0122411
4,14954e-05
4,79291e-09
9,9267e-16
2,83568e-16
2,37354e-18
0,00167395
2,15616e-05
2,04552e-16
9,91881e-06
0,00198034
1,25464e-11
9,54864e-19
5,81964e-14
0,00392584
2,2294e-11
1,24938e-24
8,92073e-14
2,75365e-10
4,54857e-06
4,21374e-09
3,2096e-09
1,29856e-13
0,0199434
2,99463e-25
1,80207e-06
2,05444e-07
0,0248874
1,08591e-20
8,48296e-06
1,45951e-07
2,93994e-18
3,98583e-14
3,85611e-12
1,10434e-17
1,58753e-15
3,73287e-09
7,00208e-19
3,65081e-08
0,00574392
3,5891e-17
3,11693e-17
4,53615e-09
1,66957e-22
6,00604e-07
0,0279815
0,0044564
4,96999e-06
5,19653e-07
5,48761e-08
1,16508e-06
0,0199665
0,0186746
1,45282e-05
5,02454e-22
2,49588e-24
2,17399e-20
2,26678e-05
4,18443e-13
1,90424e-07
2,54339e-13
0,00161888
0,0115942
4,87347e-09
3,52328e-05
1,41669e-07
1,09325e-13
0,0224807
0,0162628
7,66007e-05
1,29068e-08
7,75105e-24
2,75055e-06
2,93868e-19
0,0380533
2,14404e-14
0,0584424
2,56101e-12
2,33835e-07
1,53714e-29
1,35761e-19
7,11187e-12
1,03804e-07
3,46086e-22
4,62736e-24
2,32644e-11
2,22058e-20
3,27544e-13
3,39427e-05
4,39578e-09
5,1088e-21
7,44093e-09
2,08831e-08
6,80312e-05
2,60863e-18
0,023647
0,00644402
6,96792e-05
2,59376e-06
5,06918e-06
0,000503211
1,64619e-11
1,15591e-05
3,16529e-16
0,00109789
1,16099e-10
2,79401e-07
3,29801e-11
0,0312432
0,000546281
0,00350116
0,01598
3,47734e-06
1,37955e-09
5,67523e-08
3,71366e-11
0,0496148
1,48216e-05
3,3572e-06
1,25887e-05
2,34969e-18
1,12475e-05
4,691e-23
1,38301e-20
2,14367e-06
0,0129418
1,88189e-10
8,22065e-24
0,000480837
0,0390304
1,15504e-19
7,87208e-07
3,06058e-07
5,58258e-29
4,28909e-08
6,14706e-23
5,42292e-22
0,00388957
0,0144949
1,30322e-17
2,92982e-05
6,46521e-09
1,09359e-06
2,02681e-07
0,0239194
2,14962e-11
8,07916e-19
0,0188131
5,39763e-08
2,13205e-18
2,86247e-05
2,49248e-09
2,41056e-11
1,96666e-13
0,0112929
6,90984e-12
4,94504e-16
4,34386e-08
9,45178e-25
0,00596121
0,00216521
3,18977e-13
1,25102e-09
1,4495e-24
8,25984e-08
2,32987e-11
0,000508978
1,15445e-20
3,0049e-12
4,71824e-22
6,17797e-05
1,18419e-13
1,39685e-24
4,91147e-05
0,00938757
0,0224519
1,21834e-11
3,62887e-06
4,19677e-05
4,93534e-10
0,000407742
0,00316776
0,0268657
1,16693e-07
0,0166434
5,71065e-15
0,0341768
5,74879e-13
2,00616e-05
0,00133905
3,30914e-14
9,78143e-11
7,377e-16
2,27216e-19
1,03956e-17
7,82081e-19
3,42783e-06
2,30151e-11
4,90774e-06
1,27782e-14
2,18736e-11
2,33214e-12
9,17835e-09
2,18815e-05
8,29795e-13
3,65214e-12
0,0298449
1,79867e-07
3,62057e-23
0,00293989
1,5151e-07
1,56099e-15
2,99734e-17
3,42417e-24
4,80009e-18
0,000150912
8,23839e-14
1,59402e-12
3,45415e-17
8,75698e-16
3,53784e-05
3,03569e-07
6,64336e-13
1,32207e-05
8,85354e-09
0,00045266
7,60027e-06
1,31777e-09
1,06548e-05
3,03024e-11
2,43377e-14
0,030494
1,93033e-07
3,74872e-07
1,53975e-15
4,48025e-08
8,06984e-06
1,90664e-12
0,016718
5,6584e-08
0,000119417
0,00479744
1,87064e-07
8,22579e-12
1,25452e-06
9,79933e-13
0,000457475
4,17246e-05
1,2515e-25
1,36315e-06
1,925e-14
9,53669e-15
7,29393e-07
0,00011168
7,27016e-08
0,00488818
0,000707587
8,61495e-09
8,24017e-10
1,36188e-08
1,87576e-06
1,88059e-07
8,69994e-05
1,81646e-14
3,26731e-05
4,16279e-10
8,51802e-18
1,11913e-09
0,0248016
2,70991e-19
1,35535e-11
4,24097e-15
4,73271e-13
5,90832e-11
2,23933e-12
0,0356616
0,00214901
2,26259e-13
6,93502e-26
9,06245e-17
1,33399e-18
0,00400882
1,90629e-11
8,71296e-18
1,9187e-09
7,54811e-07
8,06126e-06
5,36175e-11
2,702e-14
2,73372e-05
2,83628e-17
6,70853e-08
7,22782e-10
0,00160672
5,50769e-34
0,000640577
0,014583
3,88022e-06
0,00336717
3,5074e-06
2,60968e-21
5,51948e-06
6,46654e-18
1,95821e-12
0,00496139
9,1749e-16
4,68022e-21
0,000876184
4,22716e-07
0,00913019
9,5249e-05
1,84605e-14
1,25674e-13
0,00641014
0,00442581
1,41136e-12
1,03453e-06
3,55029e-06
0,000115163
0,00112137
3,15183e-10
3,51281e-07
2,42679e-12
2,08197e-06
3,95557e-11
0,0271032
1,79621e-15
1,69495e-14
8,02054e-18
4,08076e-13
0,00223622
0,000270844
2,03674e-25
5,93866e-09
2,91177e-06
4,89345e-15
0,000149769
2,98398e-06
1,64712e-11
9,73021e-21
5,21357e-29
0,00366173
0,000522255
0,0195321
3,94926e-06
0,00010199
6,85223e-18
6,93557e-19
7,79594e-07
1,36381e-05
6,64617e-07
3,39571e-18
0,0137773
0,00241676
1,19363e-05
6,69113e-18
0,079913
1,66626e-09
3,68743e-07
0,00343727
5,14618e-11
1,12765e-24
2,86138e-20
1,35894e-11
6,85954e-15
2,52992e-09
7,196e-05
2,22169e-08
0,000106529
0,0138333
0,00125399
1,8456e-19
1,94851e-13
5,69999e-07
3,42453e-12
4,15177e-12
1,44827e-07
0,000173186
4,59634e-08
0,0105186
8,71616e-08
2,22945e-08
0,0336057
0,0262942
0,00818858
2,63281e-09
6,07665e-12
2,94808e-24
3,39855e-05
0,0319558
3,09264e-08
1,48217e-07
8,4098e-08
7,3294e-16
6,76674e-07
7,53973e-14
0,0342732
0,0193405
0,000567573
1,63001e-11
2,71173e-07
1,80692e-08
3,40094e-12
1,51633e-07
1,04723e-11
4,66325e-25
0,0175289
0,0228815
8,24827e-08
0,013567
5,55793e-16
0,000453306
0,0536758
4,33064e-09
3,60533e-11
2,73001e-18
3,18971e-11
0,00245196
1,78828e-06
0,033649
3,33283e-08
2,54186e-08
3,91265e-26
1,34735e-15
3,24305e-14
1,20226e-08
1,59771e-22
2,78553e-20
1,1266e-13
1,17131e-07
1,15606e-07
0,000656599
0,000607237
7,35724e-10
7,51175e-19
1,50378e-14
7,20754e-13
7,12051e-12
8,57009e-10
7,0198e-19
3,89656e-10
6,5297e-16
5,02784e-23
2,3025e-21
0,00269346
2,83867e-17
0,0031576
6,88041e-11
0,017289
1,64919e-16
2,73917e-06
1,27981e-08
2,19443e-09
1,04347e-23
0,00807421
0,000100518
2,06951e-14
1,48044e-17
7,92788e-05
4,5527e-07
5,92612e-10
1,93003e-05
3,79143e-08
9,55666e-11
7,75731e-16
0,00115859
1,07566e-21
9,23239e-07
1,35614e-17
7,81569e-09
0,00709444
0,00358158
4,24253e-15
2,66702e-10
7,81717e-19
2,91479e-23
8,26403e-11
4,11224e-23
3,98541e-05
1,52471e-18
2,99615e-12
0,0583043
1,06139e-05
1,10454e-13
1,37931e-10
3,21219e-23
0,0115515
1,15287e-14
4,64287e-05
2,83654e-08
4,98678e-07
5,90752e-07
0,000290638
1,67437e-13
5,20906e-14
3,18665e-07
7,30033e-13
2,01213e-19
0,0531323
5,10096e-05
0,0172682
0,0202712
1,61007e-06
5,91314e-09
0,00160156
0,00113183
8,97415e-05
0,0202962
1,51657e-11
9,94047e-08
2,00557e-12
0,0788896
6,80456e-10
0,000208129
1,91669e-09
8,5165e-07
0,00165659
0,000429282
0,000867171
4,88926e-16
0,0119784
3,34565e-07
2,39334e-14
1,17291e-14
1,06007e-18
0,0355503
1,16498e-19
4,10676e-08
3,60621e-11
0,00106686
3,85156e-17
1,52268e-07
0,00913809
0,0065008
1,50552e-22
4,07433e-07
0,0113033
0,00162653
0,000577691
0,0129995
4,24881e-12
1,47133e-11
3,55824e-16
3,67018e-14
1,88858e-17
7,68532e-14
3,20136e-11
0,000271917
7,78541e-14
2,05285e-08
0,00441136
0,0106678
1,82478e-13
3,1035e-10
4,29722e-21
5,22217e-10
2,57616e-20
2,46004e-10
0,000246781
2,20528e-12
4,62382e-23
0,0014467
7,34908e-16
0,000760835
0,0153843
2,10179e-11
2,64404e-10
0,00865305
2,37158e-12
2,31693e-16
6,94783e-17
0,021849
2,20459e-09
0,000158488
4,14365e-13
2,32257e-24
8,91322e-13
1,02824e-09
1,86732e-05
7,9105e-09
5,04191e-09
6,98164e-09
2,22892e-10
8,95301e-20
2,41118e-09
1,90716e-12
2,35863e-16
3,04474e-06
2,72571e-08
0,0159593
2,0914e-11
2,30248e-17
0,000544448
8,03359e-23
6,50845e-13
1,20741e-08
1,03028e-15
0,00338622
0,000131081
0,00176636
4,30956e-07
1,28174e-09
7,38911e-18
1,27002e-06
1,03058e-19
2,09389e-10
0,00328735
3,11708e-08
1,13279e-28
1,74497e-05
7,29603e-15
0,00299857
6,87047e-05
1,27796e-11
0,00643489
8,21225e-14
1,22806e-07
0,0133735
4,75302e-14
2,46566e-11
2,07983e-17
7,88938e-05
2,45942e-12
1,40362e-14
2,00327e-22
0,00383577
0,00067576
2,59655e-13
7,37046e-17
6,14093e-10
1,73536e-11
1,63262e-11
0,00114284
2,19136e-06
0,0376798
2,75297e-17
4,43657e-11
0,0178738
1,06075e-09
1,38581e-25
0,0170887
5,88972e-10
2,3118e-12
8,26547e-14
8,84462e-14
1,44121e-17
1,0636e-21
9,71289e-05
5,67887e-09
9,48609e-11
5,63197e-25
0,0310474
1,02015e-17
0,0352909
1,93773e-14
7,84145e-14
2,70366e-18
0,00344521
2,96244e-11
1,3714e-13
1,11837e-22
1,51506e-11
3,87661e-26
0,000346519
1,20297e-06
3,68467e-09
0,0376772
0,0186583
6,75663e-14
3,84269e-14
0,00595936
4,90223e-08
1,20774e-14
1,64735e-06
0,000110964
0,0086836
4,10124e-18
2,00824e-05
6,08966e-05
1,66658e-11
0,0151484
6,88845e-06
0,0211946
1,38916e-13
2,13614e-05
0,0349078
3,90714e-07
0,0589719
0,0280719
2,40249e-12
1,08314e-08
1,76654e-10
0,00183484
4,41427e-06
1,42143e-13
1,27955e-11
1,37043e-12
8,31165e-08
3,60044e-19
0,0164575
0,000817481
3,93459e-17
2,31715e-20
1,45758e-08
0,000123279
1,97582e-06
1,4591e-10
0,0663467
3,30653e-12
8,05093e-21
1,35121e-09
2,80175e-08
4,75306e-05
0,00339913
3,93902e-10
1,29317e-20
2,50721e-17
0,00173076
4,87509e-15
1,30038e-06
0,000422373
0,00261309
4,8463e-05
6,52384e-19
3,62959e-10
9,06727e-08
7,84816e-13
1,4816e-05
1,3833e-18
2,08879e-10
6,45024e-06
7,17126e-26
0,000149871
0,0200264
3,37916e-13
1,38959e-08
3,0839e-14
0,000194989
6,46351e-19
1,95145e-05
2,18082e-05
0,000320392
5,17183e-05
1,51431e-06
0,0404777
0,00438217
2,01781e-06
9,58155e-06
1,52538e-14
1,63724e-21
1,98222e-12
1,63199e-20
5,4835e-33
7,00457e-12
1,07663e-21
1,71201e-11
3,12851e-23
0,000245991
9,68988e-21
6,66842e-18
0,00587927
7,8923e-13
7,81463e-15
1,91401e-16
2,92359e-05
6,27832e-21
7,72036e-14
0,0301032
0,000329214
1,7659e-19
0,013462
1,0017e-16
5,66548e-10
1,47113e-06
7,78318e-12
5,41657e-10
2,00591e-06
4,51177e-17
5,26039e-19
5,49488e-12
3,87013e-20
2,63053e-23
8,78438e-05
1,2403e-15
2,27053e-08
0,0140196
5,50415e-20
6,35683e-14
0,000535002
0,0279676
5,04439e-08
4,54505e-12
2,11976e-18
0,0125167
3,69258e-15
1,09984e-27
1,48796e-15
4,7079e-20
0,0102786
6,03097e-15
3,1829e-07
8,17294e-28
0,000305931
0,00149551
2,77385e-12
0,000192788
1,27914e-13
0,00710806
8,0041e-08
0,0297213
4,01856e-11
0,0124349
0,00103431
1,13962e-21
4,17979e-11
4,87968e-10
0,00507988
0,044774
2,55839e-07
1,82247e-11
6,80026e-07
3,10924e-10
7,37562e-13
0,000528185
5,55154e-11
7,88236e-11
6,25906e-20
0,000603763
1,29306e-09
2,32143e-10
5,41343e-11
4,29678e-25
3,93709e-05
1,71865e-11
0,0431343
6,44818e-12
0,0016152
4,22997e-18
6,77799e-09
3,7036e-09
6,3718e-19
6,08019e-13
3,34731e-11
0,00256968
5,29234e-08
8,56832e-15
2,2914e-19
0,0134658
1,23334e-14
1,95011e-05
7,67506e-08
0,00300785
8,8682e-20
0,00391391
0,00227844
0,0153026
0,0117373
4,39309e-19
0,00461745
3,05745e-07
6,28351e-17
1,64482e-18
9,4663e-10
1,42908e-14
0,000237014
2,53597e-06
4,78034e-08
3,05006e-22
3,53035e-21
1,35861e-20
1,09766e-12
1,63403e-12
0,000705953
1,46806e-15
1,47281e-13
0,00209675
5,00721e-09
9,73856e-29
1,25861e-06
2,70212e-21
0,00124008
2,88396e-06
1,14912e-16
1,26716e-17
3,76478e-15
2,71161e-21
2,95825e-09
2,27803e-05
0,000554858
1,76832e-08
1,71658e-07
0,000140441
7,56374e-13
3,74855e-17
0,00564926
9,7485e-14
2,20345e-23
2,21222e-12
0,000834516
7,13998e-23
0,0314491
3,60015e-17
3,76918e-12
1,87957e-24
1,35191e-08
4,93709e-06
2,39718e-09
1,67171e-19
0,000156371
0,00837147
1,26722e-13
7,73927e-18
4,1286e-12
3,75997e-15
2,78431e-29
0,00178575
2,9974e-10
0,000245113
1,24065e-05
0,00166502
0,0219488
1,29591e-12
0,000395189
0,000263002
0,00525091
0,0140339
5,6171e-17
0,0440549
0,0020415
0,000186217
7,25681e-24
6,97668e-07
0,0152914
3,45313e-17
3,58744e-12
2,32307e-16
1,68807e-07
2,64784e-08
5,41136e-15
3,26881e-07
0,00131139
2,35472e-20
1,65857e-12
3,87494e-23
0,0236592
1,09996e-21
1,1579e-13
2,87371e-05
1,77029e-05
4,35019e-21
0,00800474
1,55935e-18
7,49628e-08
1,12562e-06
0,00111432
6,58919e-08
9,39213e-21
5,99196e-08
3,67249e-13
1,5701e-18
0,011537
6,63127e-05
8,78689e-23
8,32959e-20
7,64576e-18
0,00160131
0,00733072
0,00902027
6,03114e-06
1,4786e-07
1,17731e-11
1,23302e-06
0,00325604
5,12613e-24
2,43089e-21
3,89175e-14
0,010285
0,00231068
2,15823e-18
0,000364285
0,00171924
0,0279777
6,48169e-10
2,27368e-08
4,29212e-15
2,31567e-06
8,3475e-09
1,71847e-06
0,00920335
0,0109633
3,64564e-06
4,44871e-05
0,00608732
2,97133e-13
1,47508e-08
0,00577398
1,2425e-15
2,4947e-09
6,01631e-11
4,44179e-11
7,06318e-13
5,63152e-14
0,00526068
4,02464e-09
0,00210876
0,000444497
5,65128e-15
3,22572e-06
0,000280111
0,00794872
3,69178e-05
8,32632e-07
0,00738046
0,0107476
1,0692e-07
2,45698e-13
5,60494e-12
0,0096396
2,90467e-25
2,15887e-14
1,8399e-10
5,19575e-15
3,23041e-13
4,03325e-14
0,0115906
3,7114e-17
9,29561e-08
0,000224189
1,04713e-12
0,0224059
3,67706e-13
1,32445e-17
6,05241e-11
0,000264461
1,727e-10
6,97537e-13
3,59066e-06
8,44519e-07
7,67912e-08
7,39392e-05
1,7135e-15
5,31495e-20
3,27646e-08
0,000231327
0,00667009
6,44952e-13
0,00428035
9,82516e-05
1,20878e-13
4,57468e-19
6,40523e-08
0,000904765
1,54237e-08
1,65296e-06
1,7791e-26
5,94805e-11
1,53514e-07
0,00052372
4,03588e-08
2,29078e-11
7,78166e-10
7,54362e-07
8,74402e-14
2,68004e-05
1,12211e-14
8,01884e-08
3,41702e-07
0,0156904
2,2587e-25
8,83798e-13
2,7705e-10
2,71089e-26
8,20253e-12
5,1599e-10
3,82401e-24
2,5606e-07
0,00280671
4,38251e-15
8,85168e-12
1,02685e-05
4,74565e-11
9,25728e-36
6,74851e-08
0,00426962
8,64422e-22
1,06906e-14
2,36962e-13
0,00146598
2,07786e-14
1,88008e-16
0,0212625
0,0120593
1,25433e-10
4,22805e-17
1,4221e-09
4,21833e-12
3,28848e-17
1,01989e-12
0,0336413
1,08123e-08
1,1312e-11
4,39197e-09
4,16186e-24
0,0566388
0,0451336
8,21626e-14
3,79319e-17
3,15584e-05
4,3002e-07
8,53625e-12
4,74181e-11
1,33211e-15
6,52514e-11
7,4481e-09
2,84761e-17
6,68288e-07
1,8481e-08
0,0289584
0,000859987
4,65511e-18
1,86129e-21
2,03329e-22
3,6614e-13
3,24939e-10
7,79405e-07
0,00376604
5,26516e-14
7,59896e-10
0,00273669
6,29114e-10
3,33239e-11
1,2181e-06
0,0107664
9,27817e-21
5,51355e-07
0,0323675
1,63984e-10
1,11119e-21
4,4371e-20
5,02261e-15
1,1373e-08
3,49308e-05
3,98125e-11
9,03899e-19
0,0106947
1,69604e-07
1,36133e-14
3,19708e-17
0,00522542
7,69023e-10
1,274e-05
2,45189e-12
5,51055e-09
0,000395765
3,6018e-11
4,52335e-18
0,00257946
3,45336e-16
4,37904e-15
0,0024533
3,20589e-18
1,0737e-06
1,72775e-18
1,007e-15
0,0232674
5,68979e-27
3,51381e-24
1,53977e-15
0,000746583
4,17585e-15
1,19191e-19
2,96217e-20
0,000360604
2,39346e-17
0,0160029
0,00268089
0,0117093
6,42272e-05
0,00405684
9,78497e-09
0,0161553
3,86419e-11
1,69546e-21
8,08707e-16
6,64751e-07
4,12964e-06
8,47882e-10
2,07341e-17
5,38255e-08
2,33494e-08
0,0131616
0,0029256
9,52987e-10
0,0120164
1,33601e-08
9,58347e-23
3,25496e-16
7,09431e-25
1,01667e-18
8,52532e-12
0,000281602
3,88132e-13
6,18666e-11
0,000125554
6,74504e-10
0,00127752
4,42969e-15
0,00149752
9,46418e-06
1,00036e-17
4,43507e-08
2,17622e-12
1,20516e-11
2,357e-13
8,41991e-08
2,09887e-05
5,67308e-21
0,00163205
0,016763
2,72003e-22
2,90908e-06
8,22591e-11
5,90663e-25
0,00434628
9,3084e-06
7,76057e-05
0,00626124
2,61412e-12
8,95793e-14
1,44999e-11
4,08456e-15
1,90497e-10
1,87891e-14
0,00515334
0,000159701
9,73709e-05
1,30837e-13
8,03575e-14
2,75244e-25
0,000581612
5,88068e-25
1,18511e-13
0,00268676
2,64353e-19
1,23993e-16
4,69309e-07
0,000106981
9,5007e-13
4,35417e-24
0,0753506
1,00043e-16
5,49215e-11
0,00042978
5,38672e-06
2,9272e-13
0,00153336
1,80233e-21
4,29102e-17
0,0218798
0,000383219
2,11498e-28
1,71195e-19
4,23782e-36
7,85798e-08
3,5902e-22
2,79198e-10
0,00573412
6,81213e-05
3,10512e-12
0,00717805
1,80778e-14
3,67646e-15
1,08781e-19
1,07682e-14
6,87856e-19
2,3056e-11
8,90179e-09
2,78365e-12
4,85051e-15
6,29565e-10
0,00881652
1,53167e-13
2,43115e-09
1,68414e-24
3,11046e-11
2,33013e-06
1,35503e-17
6,39046e-11
0,000165388
3,48705e-06
2,00697e-11
6,65929e-12
2,5119e-05
9,74789e-05
7,74456e-12
8,10847e-09
2,8558e-13
4,2404e-16
3,45243e-17
1,15578e-17
1,4576e-13
5,85971e-11
0,0330738
1,60832e-10
3,3178e-13
4,27723e-07
5,91211e-13
1,82625e-24
8,74614e-07
1,81939e-21
3,20726e-08
0,00475369
0,0180729
2,20663e-23
1,01089e-18
0,019485
3,62816e-10
1,54093e-18
1,14476e-17
4,7039e-07
6,32386e-19
2,68528e-10
1,39691e-23
2,07651e-12
1,35823e-16
2,13865e-27
1,82847e-12
4,2358e-11
1,82919e-17
6,22379e-07
6,11565e-17
1,55729e-08
6,89963e-07
6,02341e-14
1,33096e-05
0,000174578
0,00399404
4,71437e-06
8,93102e-16
2,30241e-17
6,58204e-06
1,55186e-12
0,000145584
2,4812e-10
1,70166e-10
9,01021e-05
2,98315e-16
0,0150076
1,25844e-12
1,00954e-13
1,85933e-13
3,32484e-10
0,000570905
0,0197827
0,000521893
1,04405e-05
5,62801e-16
0,021027
0,0336682
1,05742e-10
0,000183001
6,60435e-12
2,38156e-08
1,60832e-18
2,46822e-12
0,00287218
1,28775e-09
2,65971e-13
9,0805e-19
6,9576e-05
6,24643e-17
2,60652e-22
3,27909e-18
0,010111
5,0744e-06
1,91343e-13
0,0744217
5,78197e-20
1,1095e-10
3,50599e-14
8,79797e-06
0,00516284
1,72396e-19
4,12692e-17
5,19121e-09
7,56748e-11
3,98636e-05
0,00050551
9,5719e-29
1,21688e-13
2,01363e-05
3,44285e-07
0,0893431
0,000289661
1,07763e-07
0,00455976
0,000420507
1,57879e-25
1,03919e-10
0,000911664
1,96203e-17
6,96526e-06
0,0195735
9,03667e-15
1,58432e-06
5,19443e-15
4,83335e-19
0,0035885
0,0120132
7,41121e-10
7,24707e-11
1,29845e-13
2,10015e-07
6,77345e-13
1,84784e-14
3,55725e-19
1,07527e-17
0,0141212
2,38347e-10
0,0017429
2,74366e-19
1,31701e-17
2,073e-07
0,000173623
8,95233e-14
1,86119e-11
0,0337285
1,01286e-07
1,80066e-11
1,84275e-13
0,00414813
1,4834e-05
3,05754e-12
9,10916e-13
9,46807e-23
1,28231e-22
2,26499e-17
2,41757e-08
