Couldn't import dot_parser, loading of dot files will not be possible.
Wide Residual Network-16-4 created.
Finished compiling
preprocessing
ADVERSARIAL
0.133738
0.144382
0.0188225
0.0221242
0.133937
0.140361
0.0129372
0.155291
0.145975
0.135511
0.0220542
0.138372
0.138707
0.151689
0.147217
0.0870611
0.122443
0.136484
0.1469
0.154984
0.11275
0.0206832
0.134967
0.106235
0.0167012
0.155546
0.141737
0.151382
0.131976
0.12822
0.155539
0.131653
0.01652
0.155109
0.155546
0.0887898
0.0200379
0.014964
0.118834
0.153145
0.022206
0.155484
0.0737001
0.150618
0.143099
0.154781
0.133275
0.0195389
0.139946
0.152363
0.116547
0.0594614
0.154968
0.140242
0.155542
0.155516
0.0885415
0.148157
0.148942
0.155488
0.154619
0.138919
0.151358
0.131767
0.154946
0.130533
0.126648
0.14781
0.074781
0.152039
0.129743
0.153369
0.151235
0.155555
0.134134
0.142418
0.148881
0.120108
0.124763
0.154656
0.131216
0.155532
0.155555
0.131886
0.154485
0.145421
0.154649
0.0217801
0.154979
0.133341
0.129567
0.147769
0.15536
0.119489
0.154781
0.126741
0.130995
0.0191805
0.140524
0.129775
0.120224
0.147143
0.155523
0.12601
0.122591
0.0194971
0.125772
0.149547
0.150509
0.130406
0.15477
0.155553
0.135762
0.0181249
0.127785
0.139597
0.144093
0.0813024
0.139014
0.154221
0.155187
0.155431
0.14555
0.022141
0.113521
0.0214318
0.12388
0.0166171
0.128745
0.148284
0.124537
0.155555
0.15329
0.148431
0.133533
0.155486
0.144043
0.149728
0.155547
0.155245
0.137019
0.125683
0.138774
0.151235
0.150969
0.146435
0.153018
0.155555
0.153182
0.155388
0.153068
0.130991
0.147661
0.151845
0.154049
0.153636
0.129567
0.134467
0.114276
0.155529
0.123908
0.155553
0.123233
0.0166428
0.137005
0.148944
0.15439
0.119231
0.154213
0.15185
0.155479
0.0221902
0.0989322
0.140322
0.147693
0.151208
0.155473
0.0183388
0.124684
0.155373
0.130145
0.144875
0.12439
0.150707
0.140548
0.149271
0.149801
0.131482
0.125068
0.151728
0.154855
0.129995
0.155533
0.124588
0.126349
0.151738
0.147106
0.110448
0.155502
0.155501
0.141506
0.152482
0.155502
0.155459
0.0219537
0.13852
0.0119607
0.12348
0.124646
0.154352
0.0193609
0.143543
0.151557
0.151643
0.0173624
0.144364
0.153306
0.134885
0.134449
0.147331
0.152283
0.155518
0.154688
0.155536
0.154236
0.0198847
0.148071
0.154987
0.150583
0.127544
0.132613
0.155551
0.135041
0.152777
0.125955
0.153523
0.146072
0.124057
0.0194349
0.143559
0.147137
0.147424
0.142547
0.021683
0.12425
0.142177
0.0741306
0.127428
0.150721
0.136375
0.154222
0.072851
0.155343
0.132839
0.0201545
0.151991
0.149919
0.15548
0.155461
0.145668
0.149798
0.154589
0.139578
0.120887
0.140802
0.145525
0.15461
0.11992
0.154958
0.124027
0.155548
0.121093
0.132794
0.127778
0.131186
0.138404
0.137704
0.121757
0.126451
0.109411
0.124583
0.145901
0.154784
0.155245
0.133018
0.122643
0.15555
0.124533
0.154699
0.126699
0.134252
0.124622
0.155555
0.121631
0.124714
0.128445
0.154469
0.13804
0.118134
0.153971
0.12398
0.154888
0.125814
0.0173502
0.143462
0.145256
0.155555
0.148491
0.124798
0.125537
0.132967
0.147746
0.152371
0.141316
0.107129
0.152996
0.148485
0.148936
0.132185
0.15269
0.153418
0.138895
0.12398
0.0213245
0.13103
0.134448
0.144948
0.152065
0.147282
0.111341
0.130538
0.150542
0.138472
0.11351
0.123574
0.154545
0.0727428
0.155508
0.122832
0.0220158
0.129867
0.0217858
0.1401
0.153244
0.12379
0.122209
0.153859
0.152326
0.0161084
0.155555
0.155465
0.131501
0.15521
0.143349
0.155335
0.0204651
0.0175213
0.128371
0.155114
0.130067
0.154197
0.127823
0.136732
0.116797
0.153516
0.0873594
0.131428
0.123322
0.0799594
0.144204
0.137919
0.153624
0.155266
0.0221943
0.0194063
0.133236
0.126392
0.13597
0.126315
0.120082
0.155376
0.0183409
0.128517
0.123986
0.125606
0.142023
0.126219
0.130058
0.0217779
0.150735
0.154533
0.130685
0.153965
0.149765
0.137967
0.13824
0.106092
0.149152
0.134311
0.127066
0.155548
0.145266
0.154804
0.112431
0.138956
0.142523
0.143068
0.125162
0.154297
0.0215733
0.00524686
0.134766
0.150596
0.146721
0.122773
0.140059
0.136884
0.153316
0.147412
0.0664561
0.15167
0.155387
0.154877
0.128753
0.134474
0.151621
0.0683438
0.142547
0.154549
0.154611
0.141748
0.131442
0.130809
0.1257
0.155499
0.140396
0.126579
0.0184589
0.155529
0.123436
0.12774
0.147057
0.152745
0.116341
0.155192
0.141579
0.155511
0.147079
0.154342
0.13579
0.155359
0.128856
0.126023
0.0220243
0.143777
0.147603
0.0167712
0.150624
0.152501
0.0174814
0.145166
0.149369
0.136285
0.135632
0.145369
0.116425
0.0220774
0.10681
0.0168499
0.0215795
0.143383
0.0205558
0.155529
0.142699
0.125495
0.1551
0.155461
0.154219
0.154059
0.152516
0.154581
0.154784
0.155459
0.144572
0.132362
0.140037
0.0164192
0.150334
0.0163684
0.139915
0.155184
0.0222088
0.144583
0.14823
0.128941
0.146465
0.137353
0.0753165
0.0884637
0.145017
0.15554
0.0114365
0.123142
0.140075
0.0653473
0.123675
0.0738428
0.127324
0.155277
0.155556
0.155225
0.155019
0.138414
0.0149238
0.0156573
0.0213386
0.150792
0.150331
0.113985
0.148968
0.0174083
0.155009
0.111648
0.149725
0.143136
0.125827
0.135179
0.132537
0.134644
0.145706
0.12543
0.138491
0.151795
0.155524
0.155524
0.0800693
0.0221932
0.155374
0.154007
0.155555
0.130862
0.148572
0.124998
0.021424
0.149823
0.155084
0.0198011
0.147058
0.147496
0.128843
0.0818577
0.154106
0.143368
0.124396
0.155531
0.0184753
0.144986
0.0167325
0.153861
0.139808
0.152629
0.147987
0.132861
0.129976
0.0204488
0.0147987
0.155515
0.144064
0.0188135
0.141696
0.0888885
0.134108
0.150709
0.15255
0.107122
0.120466
0.130043
0.126842
0.14673
0.0155463
0.134348
0.113104
0.143217
0.147439
0.135791
0.126948
0.155554
0.15028
0.155526
0.155396
0.0146671
0.123406
0.0860814
0.129779
0.155531
0.0161151
0.151604
0.153689
0.152717
0.0204335
0.127776
0.155341
0.126968
0.125476
0.12913
0.153968
0.155539
0.0222221
0.155507
0.125174
0.129042
0.074386
0.123581
0.125619
0.151597
0.155345
0.132239
0.137405
0.155553
0.12577
0.0821421
0.151921
0.127803
0.0157017
0.141967
0.152849
0.132011
0.149367
0.125293
0.152977
0.155554
0.154915
0.155143
0.152515
0.132485
0.155552
0.126292
0.153902
0.132106
0.133377
0.133816
0.081936
0.020619
0.152575
0.14592
0.136615
0.15554
0.143675
0.155082
0.151138
0.154565
0.153546
0.137682
0.135051
0.129902
0.131163
0.120892
0.133248
0.126471
0.153244
0.153547
0.128251
0.114948
0.146724
0.154719
0.149258
0.148743
0.123938
0.129984
0.127973
0.155554
0.124451
0.135929
0.125473
0.0204149
0.132786
0.155545
0.0997128
0.111992
0.136263
0.14161
0.149525
0.12905
0.143565
0.154317
0.136036
0.154886
0.154486
0.132796
0.138319
0.154297
0.151809
0.121471
0.13089
0.125071
0.125745
0.0221968
0.122172
0.153323
0.152555
0.153199
0.155315
0.116792
0.124781
0.154798
0.0875636
0.129593
0.114992
0.139901
0.12722
0.122442
0.154992
0.15422
0.145839
0.130221
0.155555
0.126102
0.088691
0.15366
0.132807
0.0158598
0.130136
0.129704
0.152436
0.145212
0.154138
0.133835
0.128419
0.150139
0.149843
0.15548
0.132343
0.120589
0.127743
0.12391
0.15523
0.150572
0.155508
0.128132
0.115339
0.151255
0.155328
0.155534
0.155045
0.120667
0.127398
0.136887
0.153075
0.115349
0.122434
0.124993
0.15212
0.137558
0.148135
0.130043
0.130843
0.122181
0.151319
0.152151
0.148913
0.134876
0.0811431
0.155548
0.0208711
0.13363
0.0829443
0.12804
0.117512
0.0167067
0.0777481
0.155399
0.152823
0.155542
0.128001
0.151932
0.127854
0.144686
0.150299
0.14343
0.131861
0.0158301
0.152288
0.155556
0.152517
0.154982
0.155484
0.150007
0.0881329
0.151364
0.155555
0.122769
0.133764
0.122091
0.151316
0.104345
0.124728
0.151015
0.154518
0.138634
0.126591
0.149955
0.120203
0.016329
0.0885943
0.0174246
0.153674
0.152122
0.151727
0.124941
0.130092
0.132218
0.139532
0.154994
0.150505
0.141191
0.152301
0.129929
0.144261
0.151243
0.143517
0.154373
0.0734905
0.137508
0.0831024
0.155178
0.146121
0.152093
0.019338
0.119363
0.141915
0.147975
0.146193
0.150246
0.130338
0.154245
0.125175
0.151861
0.135921
0.115447
0.153674
0.116306
0.155175
0.151933
0.154438
0.152836
0.137124
0.137605
0.155302
0.137635
0.124613
0.154916
0.0211592
0.155531
0.154776
0.137512
0.0214467
0.154836
0.133239
0.132357
0.155381
0.0208761
0.122011
0.0885413
0.0709103
0.128946
0.12869
0.153657
0.111383
0.13214
0.132007
0.154437
0.153464
0.155352
0.117186
0.143215
0.121254
0.147616
0.14671
0.152059
0.139463
0.111335
0.129536
0.155472
0.15157
0.150508
0.155347
0.0162188
0.151026
0.151852
0.0125603
0.154241
0.126501
0.0143185
0.122479
0.123253
0.132077
0.15477
0.149506
0.152148
0.12518
0.140228
0.155513
0.150264
0.154568
0.021739
0.133562
0.148966
0.137172
0.146565
0.131732
0.148894
0.123946
0.115151
0.11824
0.122228
0.152786
0.147396
0.113603
0.125241
0.124996
0.146252
0.155372
0.128059
0.124727
0.128642
0.144406
0.0745809
0.0140625
0.152083
0.155486
0.137298
0.124979
0.105664
0.154249
0.127732
0.118898
0.132141
0.128347
0.155423
0.155498
0.130225
0.155487
0.137859
0.148263
0.124291
0.11685
0.154895
0.133747
0.132773
0.0166239
0.0144623
0.141649
0.154362
0.155113
0.143257
0.150222
0.0217978
0.155553
0.153071
0.0887639
0.143436
0.136693
0.13323
0.134951
0.139026
0.111476
0.0160957
0.150094
0.128508
0.136518
0.123019
0.155294
0.15194
0.134476
0.155493
0.0220001
0.14034
0.145861
0.0177249
0.143566
0.155256
0.131491
0.124122
0.155548
0.0221896
0.14656
0.155469
0.155554
0.123657
0.144009
0.155536
0.135245
0.154863
0.0183445
0.15317
0.15476
0.140795
0.129683
0.107994
0.0196388
0.155353
0.155548
0.125099
0.136552
0.154444
0.126528
0.103029
0.155357
0.134071
0.124882
0.0199651
0.155549
0.124912
0.134573
0.0713433
0.143483
0.146687
0.139084
0.134314
0.13801
0.0840377
0.155314
0.147802
0.155163
0.154957
0.144765
0.131104
0.0713411
0.144139
0.142246
0.155546
0.127149
0.123495
0.154913
0.136663
0.155026
0.128177
0.112957
0.153513
0.122252
0.118147
0.155553
0.155094
0.120513
0.113365
0.151924
0.134538
0.133051
0.13112
0.153089
0.134783
0.150671
0.142827
0.155447
0.155494
0.103633
0.122826
0.133198
0.144035
0.154609
0.155555
0.127711
0.137636
0.155545
0.139288
0.0843617
0.141894
0.0161587
0.130555
0.154433
0.1141
0.155554
0.155506
0.125869
0.126724
0.155485
0.154159
0.132144
0.139442
0.154018
0.150536
0.0888876
0.153989
0.155478
0.127186
0.150388
0.149261
0.147779
0.15527
0.0214709
0.142885
0.129734
0.143016
0.086103
0.0467458
0.129727
0.146716
0.15437
0.14016
0.153639
0.151544
0.144129
0.131053
0.13628
0.137459
0.15272
0.122462
0.123572
0.150715
0.127037
0.140291
0.155545
0.147688
0.155494
0.124677
0.137355
0.146409
0.088473
0.131262
0.140609
0.133254
0.136289
0.123659
0.155556
0.144392
0.0728786
0.136321
0.14446
0.13454
0.128569
0.155288
0.135202
0.155431
0.12249
0.154907
0.154459
0.155351
0.134297
0.126794
0.0208117
0.133928
0.155553
0.155332
0.155556
0.0160271
0.134726
0.14885
0.154767
0.141151
0.151649
0.147681
0.15555
0.154315
0.154217
0.12448
0.147007
0.124842
0.125337
0.124988
0.132341
0.0166469
0.155243
0.140698
0.131544
0.155542
0.0086889
0.0165315
0.131853
0.154774
0.0174294
0.155544
0.154747
0.0980047
0.153825
0.018458
0.137961
0.138763
0.0170122
0.153813
0.126673
0.155137
0.13408
0.149145
0.128393
0.155217
0.152781
0.136679
0.137663
0.149678
0.154787
0.132189
0.152791
0.155071
0.123483
0.155418
0.150829
0.149805
0.153684
0.153505
0.117021
0.145909
0.131042
0.0170949
0.15117
0.131086
0.125366
0.0183086
0.119278
0.151517
0.152639
0.15331
0.154851
0.145707
0.127878
0.15555
0.131654
0.155528
0.155547
0.155255
0.017882
0.154667
0.141915
0.122185
0.0166675
0.0146484
0.15554
0.12476
0.131586
0.153714
0.15555
0.155315
0.155521
0.152199
0.141467
0.145377
0.125005
0.0162334
0.155512
0.155542
0.155536
0.155552
0.0208547
0.126506
0.0213025
0.154955
0.155555
0.117995
0.073216
0.126162
0.151288
0.149692
0.124483
0.127879
0.152535
0.1463
0.154468
0.120748
0.155188
0.0213111
0.129055
0.152763
0.0159277
0.150118
0.13088
0.148941
0.155248
0.016153
0.132805
0.149704
0.135544
0.143933
0.0208626
0.141622
0.138593
0.152486
0.13033
0.132632
0.152166
0.12394
0.155545
0.147335
0.136305
0.123963
0.123701
0.127105
0.133274
0.153029
0.155543
0.0182271
0.152243
0.154753
0.144401
0.129682
0.0693332
0.130872
0.132067
0.0154036
0.149218
0.126275
0.0167029
0.10335
0.15549
0.144318
0.155245
0.15334
0.100608
0.155126
0.124571
0.130245
0.155553
0.0836071
0.115899
0.155556
0.116077
0.0214107
0.138578
0.088187
0.155487
0.155475
0.130112
0.143233
0.145704
0.131401
0.150661
0.135711
0.15213
0.155507
0.155524
0.152013
0.136464
0.12261
0.0167094
0.151044
0.130871
0.145854
0.134307
0.0155863
0.150514
0.123197
0.116037
0.153516
0.0166898
0.136303
0.132645
0.126827
0.124173
0.135524
0.0876854
0.134604
0.0219642
0.141179
0.0220285
0.122361
0.146167
0.1211
0.140357
0.154435
0.140602
0.154864
0.143588
0.124182
0.122715
0.130381
0.131959
0.155543
0.155264
0.150036
0.155409
0.128366
0.149857
0.15505
0.149057
0.149943
0.152082
0.155551
0.142208
0.155514
0.109643
0.131607
0.151248
0.136482
0.123117
0.0220869
0.126209
0.145338
0.0221267
0.140038
0.133949
0.152378
0.155346
0.0166593
0.122729
0.016578
0.155071
0.0172145
0.155312
0.0888674
0.132417
0.124292
0.146507
0.154518
0.130781
0.112792
0.123771
0.153891
0.136637
0.147025
0.125718
0.14686
0.0157623
0.125993
0.124437
0.14461
0.155555
0.139444
0.0163438
0.14638
0.136115
0.144943
0.125731
0.155556
0.123614
0.129443
0.148644
0.0164929
0.154048
0.148905
0.117755
0.154652
0.131263
0.147769
0.127106
0.125465
0.146447
0.154613
0.155205
0.130703
0.0191185
0.147203
0.0214577
0.148272
0.13381
0.155535
0.155457
0.141281
0.122979
0.0220086
0.125582
0.154369
0.155552
0.145545
0.121684
0.153451
0.148917
0.116271
0.152334
0.130596
0.12252
0.0201861
0.151836
0.132988
0.130703
0.155465
0.144328
0.12922
0.154
0.122097
0.132293
0.0193037
0.154417
0.130235
0.152392
0.132098
0.155408
0.127618
0.14959
0.154338
0.123471
0.134302
0.153498
0.142781
0.124183
0.15513
0.151577
0.15543
0.0221512
0.0219215
0.120024
0.0187707
0.107844
0.144538
0.10334
0.130408
0.152009
0.129425
0.155373
0.14135
0.13158
0.124111
0.13457
0.136709
0.135023
0.142081
0.127929
0.126857
0.0221025
0.155536
0.154801
0.0887463
0.125723
0.128692
0.143946
0.141265
0.127481
0.125883
0.155521
0.0218808
0.144101
0.0196151
0.153904
0.134464
0.138832
0.0158924
0.0178147
0.155503
0.112138
0.132417
0.152984
0.0146654
0.142278
0.136081
0.154531
0.155033
0.15254
0.0153455
0.0769255
0.137181
0.112125
0.142845
0.122061
0.155528
0.139113
0.13155
0.140449
0.111417
0.152445
0.13332
0.142876
0.0168362
0.155556
0.123553
0.124064
0.123124
0.129345
0.145345
0.122002
0.141251
0.113907
0.154665
0.133753
0.136609
0.147943
0.149774
0.155548
0.124648
0.15204
0.134783
0.139589
0.124345
0.13088
0.14686
0.131874
0.0216786
0.127556
0.151898
0.128735
0.141892
0.125044
0.15551
0.0706485
0.12473
0.155076
0.123321
0.15553
0.0182161
0.143172
0.0771469
0.154769
0.155556
0.134446
0.125609
0.12989
0.126683
0.132055
0.0191791
0.123615
0.100623
0.145382
0.153966
0.134649
0.151937
0.152229
0.155109
0.155306
0.155159
0.0703494
0.133526
0.153825
0.124281
0.13229
0.155504
0.155008
0.123904
0.146969
0.0214545
0.146356
0.155205
0.154288
0.124191
0.130563
0.154748
0.153981
0.153727
0.149272
0.152302
0.155343
0.0169828
0.138707
0.125236
0.155478
0.10307
0.0203813
0.134721
0.154957
0.125888
0.14851
0.132739
0.140554
0.154955
0.123389
0.155447
0.151409
0.151428
0.151428
0.131577
0.155152
0.148788
0.151158
0.0162947
0.155503
0.155255
0.154897
0.154505
0.151626
0.1465
0.129664
0.0187181
0.154934
0.146808
0.126437
0.155214
0.140251
0.115004
0.150958
0.155483
0.142275
0.155552
0.121551
0.0221049
0.0220068
0.155555
0.123865
0.154817
0.15398
0.0863744
0.134458
0.0719451
0.120814
0.155426
0.147576
0.15029
0.151025
0.15553
0.138887
0.0166856
0.122539
0.148399
0.116757
0.148906
0.154057
0.154066
0.103557
0.150563
0.0207582
0.1357
0.153726
0.141899
0.123641
0.119088
0.152335
0.127284
0.155555
0.152523
0.134266
0.14552
0.123736
0.155485
0.127265
0.155472
0.154198
0.148637
0.132895
0.12989
0.136139
0.126429
0.12345
0.123146
0.0155014
0.128427
0.130759
0.139151
0.143026
0.15516
0.154303
0.0166998
0.153786
0.154696
0.021485
0.155015
0.130704
0.155552
0.0217876
0.019956
0.104486
0.128255
0.155485
0.152976
0.144527
0.142782
0.150517
0.135377
0.131169
0.146265
0.115985
0.0168172
0.123405
0.150618
0.149509
0.125971
0.153386
0.0222169
0.155554
0.155484
0.15008
0.145058
0.152668
0.129168
0.0867219
0.154741
0.108225
0.151903
0.149008
0.139327
0.124911
0.154847
0.016539
0.0175073
0.132952
0.150411
0.134901
0.145676
0.142543
0.0145849
0.124437
0.134729
0.141281
0.15431
0.155541
0.0868939
0.14099
0.143594
0.106684
0.146451
0.129851
0.0694382
0.133435
0.113937
0.155553
0.124416
0.0199143
0.124205
0.155477
0.0131369
0.154461
0.137984
0.0147717
0.128894
0.155487
0.154014
0.142378
0.155408
0.149926
0.153479
0.137411
0.129037
0.112192
0.123274
0.126289
0.07994
0.152025
0.155553
0.146196
0.142933
0.0175897
0.155465
0.138288
0.144969
0.111092
0.153164
0.1533
0.117421
0.14947
0.124158
0.0727159
0.141291
0.126358
0.144799
0.155126
0.155545
0.153954
0.0168932
0.124077
0.154898
0.150056
0.056766
0.122461
0.122993
0.15512
0.155343
0.155551
0.121542
0.142773
0.144112
0.127678
0.155495
0.154953
0.155272
0.155242
0.155407
0.139891
0.154321
0.131267
0.128562
0.132564
0.155148
0.154578
0.154762
0.155163
0.154164
0.139793
0.155355
0.15314
0.155211
0.0186095
0.138242
0.0164446
0.139652
0.118714
0.124859
0.153002
0.147856
0.122907
0.110463
0.126726
0.148553
0.144694
0.114213
0.0170954
0.152695
0.135488
0.133363
0.149826
0.120769
0.138527
0.155555
0.132557
0.0888718
0.0879734
0.128992
0.15266
0.124397
0.127031
0.0700106
0.134872
0.150611
0.128965
0.154773
0.154933
0.155545
0.155521
0.155402
0.132766
0.127677
0.144995
0.155207
0.15525
0.122488
0.15502
0.132289
0.127698
0.0221769
0.0198516
0.132595
0.126137
0.119645
0.15555
0.125187
0.126596
0.155497
0.153453
0.14552
0.069872
0.0168245
0.151844
0.122816
0.14226
0.126028
0.125271
0.0706872
0.154115
0.138995
0.15548
0.145744
0.135084
0.137334
0.13308
0.155521
0.139463
0.153072
0.155399
0.154868
0.144214
0.14778
0.144596
0.155479
0.155299
0.155501
0.148201
0.147952
0.10394
0.131956
0.124252
0.0221961
0.15506
0.15529
0.153572
0.151412
0.12805
0.0166428
0.154479
0.0886514
0.0191504
0.149838
0.151594
0.155282
0.118785
0.130268
0.145434
0.116533
0.149106
0.132037
0.149715
0.124094
0.136932
0.017762
0.0888335
0.126511
0.125515
0.131073
0.155555
0.155537
0.155226
0.150955
0.123657
0.125392
0.125136
0.144238
0.151451
0.0170102
0.149222
0.155002
0.155501
0.0160569
0.139192
0.147632
0.155057
0.155512
0.155552
0.142294
0.134672
0.155435
0.132492
0.155325
0.133681
0.155553
0.12441
0.15547
0.143996
0.128111
0.0222193
0.0774224
0.128272
0.155522
0.0167805
0.151583
0.148689
0.15545
0.15508
0.12812
0.146928
0.151851
0.125096
0.145905
0.155552
0.124093
0.15011
0.142863
0.15038
0.085617
0.140354
0.151948
0.128974
0.155556
0.0884193
0.155407
0.146522
0.132472
0.126255
0.155208
0.081689
0.138224
0.123905
0.121551
0.0222089
0.114101
0.128101
0.14065
0.154828
0.149968
0.126706
0.148235
0.155549
0.131477
0.134375
0.122163
0.155526
0.111973
0.125589
0.127183
0.155544
0.137683
0.155131
0.147889
0.150875
0.123614
0.148021
0.135753
0.124225
0.140624
0.132033
0.149797
0.154705
0.122945
0.0153909
0.155445
0.155543
0.154123
0.146605
0.148747
0.147818
0.152242
0.122159
0.144141
0.0222196
0.144021
0.154868
0.12797
0.152546
0.152164
0.148303
0.0124215
0.123498
0.155554
0.0193
0.14331
0.122542
0.139476
0.112684
0.141011
0.138253
0.125672
0.121283
0.155143
0.123565
0.129981
0.139714
0.155555
0.155555
0.122692
0.12619
0.122393
0.155552
0.155555
0.13931
0.11966
0.13029
0.155536
0.0133613
0.15131
0.15108
0.15255
0.140385
0.155498
0.140391
0.149709
0.127069
0.127168
0.155491
0.124752
0.144517
0.0796746
0.0888136
0.154468
0.134825
0.154545
0.0217359
0.154167
0.137818
0.121467
0.15419
0.0713507
0.155514
0.1302
0.0741633
0.155532
0.0874816
0.155535
0.134579
0.017227
0.155383
0.122014
0.130166
0.147975
0.15487
0.154605
0.141742
0.0210015
0.107237
0.148855
0.150383
0.121527
0.155543
0.1444
0.0985403
0.134367
0.141838
0.122088
0.13915
0.129303
0.149515
0.15236
0.142882
0.0769864
0.141372
0.0164285
0.153626
0.131718
0.137765
0.152158
0.153585
0.130241
0.125836
0.120456
0.0699033
0.133009
0.151199
0.155132
0.0817987
0.132051
0.151882
0.155555
0.141514
0.15413
0.154236
0.154254
0.15056
0.127816
0.12941
0.143972
0.155553
0.127195
0.142871
0.154828
0.106771
0.127055
0.139682
0.136457
0.153887
0.155534
0.155553
0.130767
0.153243
0.141281
0.119399
0.154879
0.133738
0.125208
0.146473
0.129512
0.155511
0.0719124
0.155396
0.155554
0.155211
0.155506
0.124588
0.125026
0.14192
0.137496
0.154524
0.155123
0.125446
0.154131
0.152338
0.148108
0.0179926
0.119963
0.154536
0.125294
0.155553
0.0188285
0.00506405
0.154717
0.129346
0.154045
0.143256
0.153036
0.122527
0.144584
0.136661
0.137378
0.15425
0.154075
0.155547
0.131378
0.148678
0.132416
0.127403
0.0174679
0.135586
0.154813
0.0883129
0.151952
0.130518
0.133561
0.155413
0.129217
0.155555
0.01844
0.153125
0.150237
0.155213
0.0170625
0.123583
0.148013
0.152382
0.146916
0.142452
0.130177
0.151389
0.0222222
0.122627
0.127711
0.131553
0.153917
0.155284
0.122919
0.154622
0.120259
0.15519
0.148254
0.131764
0.153404
0.0221551
0.153754
0.133042
0.154703
0.150988
0.126503
0.150662
0.115002
0.128035
0.122043
0.14881
0.131636
0.154813
0.155381
0.154158
0.141452
0.114896
0.144306
0.0864287
0.155274
0.0736123
0.154018
0.154565
0.116706
0.0170971
0.155486
0.122189
0.130612
0.0216874
0.153898
0.155553
0.148773
0.119807
0.151905
0.0221692
0.152104
0.153966
0.144607
0.0216727
0.104291
0.155497
0.134284
0.0188898
0.1481
0.155081
0.155513
0.121011
0.140616
0.155331
0.151979
0.129136
0.130345
0.155248
0.154971
0.130322
0.148088
0.155199
0.13381
0.136528
0.149977
0.15282
0.155545
0.153316
0.110442
0.154532
0.11871
0.154524
0.151707
0.127922
0.112472
0.139337
0.155531
0.155536
0.129623
0.138642
0.147498
0.155494
0.154119
0.150458
0.155548
0.153506
0.114949
0.155528
0.116099
0.155544
0.0170356
0.155538
0.130336
0.147891
0.0739472
0.143095
0.135222
0.140429
0.120096
0.150217
0.142257
0.085918
0.125844
0.123799
0.081701
0.122659
0.154726
0.147609
0.139795
0.155499
0.155089
0.126362
0.155548
0.155276
0.141534
0.127138
0.124252
0.147232
0.0176433
0.010501
0.138395
0.151293
0.123983
0.126985
0.152424
0.108576
0.129105
0.129887
0.152093
0.155554
0.152153
0.13379
0.145359
0.11604
0.140841
0.127077
0.155548
0.129284
0.0166813
0.153729
0.149495
0.123385
0.124871
0.155524
0.141312
0.143416
0.0888794
0.125839
0.147889
0.125667
0.150264
0.153311
0.135287
0.14909
0.142675
0.14755
0.0888817
0.130702
0.155554
0.0216075
0.126094
0.155492
0.14537
0.125816
0.132752
0.145384
0.155531
0.122581
0.155542
0.145253
0.138836
0.155551
0.155224
0.15534
0.125372
0.125194
0.13955
0.155181
0.154916
0.140633
0.155554
0.15527
0.0222186
0.128629
0.138718
0.153978
0.0221348
0.113731
0.148639
0.128425
0.132188
0.155487
0.155515
0.154288
0.125274
0.0218161
0.13916
0.118899
0.146061
0.137915
0.14223
0.0163905
0.132507
0.148833
0.122224
0.106412
0.125221
0.140296
0.122009
0.153406
0.0804648
0.127017
0.13508
0.139198
0.154388
0.155225
0.132259
0.154328
0.155172
0.0216138
0.151265
0.155452
0.144489
0.152972
0.109447
0.15127
0.124316
0.123125
0.128846
0.155508
0.0872658
0.153439
0.150038
0.154791
0.149959
0.133986
0.125014
0.0168286
0.129094
0.0886936
0.130143
0.15291
0.140344
0.133835
0.129766
0.121472
0.12633
0.154295
0.133459
0.110507
0.0486251
0.134617
0.155018
0.116014
0.150772
0.153268
0.125117
0.124529
0.130856
0.144846
0.134647
0.155201
0.155217
0.124622
0.102237
0.147111
0.147117
0.155554
0.153885
0.128454
0.133321
0.155351
0.131759
0.0180961
0.153645
0.0156217
0.155071
0.0216577
0.154563
0.151062
0.155555
0.0205425
0.130338
0.153183
0.123775
0.147423
0.151725
0.151984
0.155342
0.153724
0.152686
0.131912
0.155168
0.153343
0.0219975
0.022134
0.155168
0.020475
0.148717
0.153903
0.149535
0.153831
0.154569
0.142152
0.13673
0.123848
0.147461
0.123735
0.0158701
0.155384
0.155555
0.129132
0.155491
0.12522
0.15257
0.131433
0.155554
0.154475
0.155489
0.139976
0.131011
0.155549
0.124639
0.155055
0.124439
0.131588
0.128852
0.116933
0.139295
0.155475
0.155544
0.129599
0.125576
0.129579
0.148274
0.136776
0.139816
0.154564
0.152266
0.153793
0.134766
0.139487
0.155554
0.155535
0.12666
0.137706
0.128699
0.154676
0.154114
0.132167
0.13837
0.142519
0.132214
0.155224
0.155452
0.126102
0.155184
0.0169218
0.154423
0.155555
0.145757
0.155435
0.151101
0.0871657
0.124692
0.14672
0.144831
0.133802
0.134813
0.151951
0.15546
0.154675
0.123179
0.155069
0.155407
0.127024
0.155445
0.138973
0.126195
0.129956
0.145464
0.140328
0.143853
0.146439
0.0855281
0.155555
0.155543
0.0210346
0.104814
0.153532
0.150705
0.155405
0.155289
0.12514
0.135647
0.154752
0.129423
0.150489
0.152533
0.130823
0.153396
0.088817
0.14432
0.142195
0.130932
0.0222018
0.121624
0.115708
0.153238
0.0170102
0.133343
0.0176746
0.134138
0.14194
0.155555
0.155547
0.150617
0.148735
0.133272
0.0697021
0.110807
0.134101
0.155552
0.129756
0.124172
0.155466
0.149275
0.0219614
0.123043
0.15346
0.140922
0.155555
0.153269
0.0786628
0.137485
0.15404
0.148263
0.148195
0.155481
0.121493
0.14817
0.147242
0.126767
0.137933
0.100796
0.155001
0.123612
0.109708
0.153206
0.128069
0.128833
0.125623
0.127124
0.124701
0.153557
0.155501
0.106995
0.148999
0.127781
0.128805
0.155032
0.147298
0.140344
0.0179741
0.0166149
0.146136
0.155518
0.144369
0.143771
0.131291
0.132586
0.154965
0.143255
0.155174
0.155421
0.155083
0.13138
0.128336
0.125853
0.13774
0.155487
0.136995
0.133175
0.137572
0.109659
0.119982
0.151883
0.129077
0.127834
0.155511
0.155424
0.100455
0.153113
0.137044
0.155278
0.137698
0.0211545
0.128827
0.137177
0.15548
0.0544815
0.138343
0.154899
0.147264
0.151915
0.016734
0.125995
0.155555
0.0148182
0.119969
0.150495
0.0678013
0.123193
0.152919
0.143215
0.125463
0.0158643
0.0166747
0.15538
0.0747742
0.129806
0.126022
0.155374
0.0206797
0.13386
0.0174349
0.115312
0.155503
0.139625
0.141151
0.155209
0.155504
0.15548
0.138965
0.0836806
0.148441
0.155537
0.128596
0.146603
0.0630252
0.126391
0.141844
0.145226
0.0161253
0.147217
0.129191
0.155551
0.144907
0.151586
0.154727
0.153822
0.155547
0.0182727
0.0176509
0.154768
0.132582
0.133176
0.155545
0.148743
0.152273
0.1419
0.154646
0.154952
0.155529
0.155457
0.155455
0.1232
0.145001
0.143467
0.0166813
0.115693
0.153196
0.140424
0.142208
0.155533
0.105973
0.0218232
0.155402
0.129036
0.154756
0.155376
0.112876
0.151719
0.113476
0.126907
0.137198
0.155542
0.111493
0.151844
0.127616
0.154346
0.155169
0.120869
0.153217
0.150836
0.155485
0.155542
0.146942
0.127463
0.144172
0.152842
0.142772
0.124023
0.134415
0.1312
0.12477
0.155339
0.143806
0.134121
0.153953
0.155405
0.155555
0.153824
0.152551
0.155486
0.140317
0.151791
0.124316
0.155415
0.155554
0.142691
0.153183
0.016693
0.154172
0.00833504
0.130185
0.0852457
0.155553
0.072329
0.155553
0.0149952
0.124691
0.123395
0.152686
0.155299
0.102723
0.124871
0.153831
0.154687
0.115209
0.15386
0.151502
0.137539
0.144193
0.153488
0.127033
0.1332
0.142887
0.144989
0.0857296
0.154645
0.152812
0.155511
0.14498
0.155515
0.125041
0.120537
0.155401
0.15529
0.155438
0.139148
0.155554
0.0722482
0.155481
0.0221364
0.129257
0.149889
0.123757
0.133228
0.125575
0.152573
0.155556
0.154037
0.122945
0.126176
0.151931
0.130722
0.155021
0.144813
0.155314
0.0168315
0.146756
0.151549
0.148824
0.155551
0.0219344
0.154765
0.145728
0.14531
0.15545
0.155512
0.143396
0.135185
0.13273
0.132126
0.135361
0.126425
0.155289
0.155551
0.155495
0.145205
0.149018
0.085289
0.155554
0.122813
0.141975
0.149006
0.134138
0.152781
0.15555
0.154474
0.128682
0.125896
0.155155
0.0691811
0.151223
0.134443
0.15524
0.136993
0.139939
0.155542
0.154439
0.0845555
0.130433
0.155435
0.145521
0.155546
0.155535
0.147456
0.155335
0.117092
0.151822
0.153151
0.144501
0.15043
0.154769
0.127836
0.1349
0.14236
0.154667
0.126526
0.128119
0.127142
0.0158998
0.128471
0.0158434
0.154018
0.0170427
0.134636
0.150801
0.141208
0.125592
0.140334
0.0713987
0.155284
0.146494
0.0218639
0.123244
0.154584
0.0844557
0.123361
0.148531
0.122708
0.14169
0.155523
0.0152585
0.155554
0.118094
0.145653
0.125997
0.155026
0.155384
0.149473
0.128039
0.154785
0.129518
0.0177602
0.147043
0.155543
0.149536
0.136333
0.155508
0.155556
0.123709
0.121778
0.0142581
0.134384
0.150434
0.0217947
0.1545
0.155554
0.144169
0.140163
0.155219
0.148378
0.150073
0.151296
0.127368
0.155503
0.155379
0.132211
0.141525
0.152621
0.103971
0.14116
0.155231
0.122221
0.155426
0.129855
0.136333
0.143647
0.139746
0.127047
0.155555
0.0752963
0.154312
0.148973
0.131247
0.138996
0.152608
0.155555
0.12429
0.155325
0.150546
0.15333
0.14519
0.125893
0.0161885
0.154774
0.126292
0.155502
0.145933
0.127934
0.125332
0.155395
0.0167343
0.146695
0.0690631
0.134954
0.124665
0.155215
0.139896
0.0221639
0.0221349
0.0198402
0.15311
0.137245
0.130251
0.155556
0.152496
0.137436
0.14435
0.100535
0.148312
0.0220193
0.0222219
0.144702
0.129364
0.133159
0.124395
0.142627
0.135809
0.10468
0.150058
0.128158
0.150772
0.0221264
0.125508
0.15327
0.155436
0.155464
0.150366
0.142079
0.068323
0.134389
0.126927
0.145889
0.148457
0.0685602
0.126133
0.154189
0.155541
0.124889
0.123975
0.131185
0.122349
0.123592
0.113221
0.155548
0.123539
0.139705
0.14687
0.144588
0.0888485
0.150975
0.109705
0.151882
0.139198
0.153676
0.123433
0.155348
0.0192209
0.154746
0.149437
0.139223
0.0888423
0.125549
0.124676
0.143601
0.150055
0.127908
0.138067
0.137615
0.142745
0.140336
0.155215
0.127039
0.135099
0.152083
0.145761
0.121109
0.0766509
0.139302
0.127218
0.124557
0.123078
0.155074
0.124197
0.124765
0.123872
0.126234
0.151649
0.153828
0.124417
0.128358
0.130189
0.144451
0.0202918
0.132907
0.134735
0.0168532
0.0221017
0.121672
0.151171
0.129704
0.1547
0.155543
0.119812
0.155556
0.149129
0.141247
0.120756
0.126982
0.154171
0.0856119
0.142879
0.12738
0.0888843
0.118835
0.15552
0.127282
0.130244
0.146756
0.139731
0.0191441
0.125771
0.151499
0.152695
0.14791
0.14076
0.155525
0.144466
0.122177
0.0182006
0.153625
0.127548
0.155482
0.138157
0.155284
0.155217
0.0164313
0.143698
0.141034
0.0217911
0.134848
0.0163881
0.154206
0.141329
0.144661
0.124515
0.0716628
0.148486
0.150979
0.129313
0.139331
0.146743
0.155555
0.154371
0.133051
0.121546
0.140772
0.128215
0.15377
0.122681
0.0217025
0.140382
0.124164
0.0159846
0.111409
0.119884
0.0177142
0.021267
0.155071
0.144172
0.153851
0.152589
0.126868
0.148902
0.123936
0.154839
0.114198
0.155549
0.150918
0.150466
0.0167153
0.153205
0.121393
0.121127
0.132235
0.150959
0.140829
0.122761
0.15037
0.155555
0.1221
0.136878
0.124191
0.125309
0.133199
0.0181472
0.137511
0.155505
0.155534
0.155495
0.135226
0.0166666
0.122468
0.121189
0.126489
0.149122
0.12929
0.137657
0.141115
0.132756
0.0217531
0.151406
0.133754
0.15426
0.142019
0.13401
0.154813
0.141102
0.155555
0.154551
0.155555
0.143572
0.145479
0.152001
0.13843
0.152488
0.125408
0.142119
0.112599
0.143242
0.149562
0.0886772
0.155475
0.150189
0.0695791
0.15492
0.147065
0.155516
0.155551
0.0150468
0.140196
0.133716
0.144714
0.137784
0.127232
0.148612
0.154884
0.127577
0.127547
0.155534
0.137416
0.150478
0.131182
0.0832602
0.149847
0.0151883
0.153589
0.155536
0.128971
0.127299
0.144549
0.152516
0.155505
0.151296
0.153821
0.13047
0.117911
0.150468
0.123001
0.152958
GROUNDTRUTH
0.15555
0.0888888
0.155555
0.155556
0.155556
0.0222218
0.155556
0.153846
0.155555
0.118104
0.155555
0.155554
0.155555
0.0873604
0.155556
0.129171
0.155555
0.155553
0.0888889
0.155537
0.123077
0.149181
0.0888859
0.154312
0.155556
0.136794
0.0222222
0.155556
0.155536
0.0222222
0.155412
0.154993
0.136977
0.155556
0.152292
0.155467
0.118084
0.0887887
0.15552
0.155484
0.155536
0.0888889
0.155556
0.0222222
0.155555
0.155544
0.100908
0.0707417
0.155556
0.123285
0.155556
0.15555
0.15543
0.0222222
0.144614
0.155555
0.155556
0.155555
0.155556
0.0727282
0.153401
0.155447
0.134738
0.155555
0.155076
0.0888854
0.0222222
0.155556
0.154772
0.155556
0.0222222
0.155555
0.0222222
0.0222222
0.155556
0.155554
0.155556
0.155555
0.154252
0.155549
0.155555
0.0222222
0.0888889
0.155556
0.155538
0.15552
0.0878983
0.155556
0.155555
0.155556
0.155553
0.155555
0.0222222
0.155556
0.155555
0.155556
0.155556
0.155516
0.113817
0.133572
0.155556
0.155343
0.0888872
0.145013
0.155556
0.155555
0.155556
0.0222222
0.155556
0.0222222
0.0222221
0.109959
0.136239
0.155554
0.155556
0.0222125
0.0220784
0.155553
0.155552
0.0222218
0.155556
0.155402
0.155555
0.15527
0.155556
0.0888889
0.0222222
0.155556
0.0882876
0.0222222
0.155556
0.155555
0.103791
0.155546
0.155556
0.111325
0.155556
0.155539
0.1546
0.143648
0.151528
0.0222222
0.0218488
0.155556
0.155556
0.155129
0.155556
0.155385
0.0888889
0.0888889
0.0888889
0.155556
0.155555
0.155555
0.0940433
0.123645
0.154509
0.102502
0.155521
0.155555
0.15545
0.155556
0.155509
0.15512
0.155507
0.15555
0.155432
0.0194477
0.155555
0.155556
0.155556
0.0888887
0.0222218
0.155556
0.155347
0.153661
0.155556
0.155556
0.151734
0.134485
0.155556
0.155556
0.155553
0.0222222
0.155556
0.0720743
0.155556
0.155554
0.145123
0.155556
0.155555
0.0222222
0.0222222
0.155556
0.155521
0.155548
0.155556
0.155555
0.155548
0.155555
0.155556
0.155556
0.155546
0.155552
0.155556
0.155556
0.149321
0.155556
0.155556
0.155546
0.155555
0.155555
0.0888887
0.0222222
0.155551
0.155555
0.155556
0.155556
0.155556
0.0222222
0.0222222
0.155556
0.155555
0.155556
0.155517
0.150042
0.155556
0.155556
0.155555
0.155556
0.155556
0.155556
0.155489
0.155556
0.155556
0.155554
0.0888889
0.135496
0.155538
0.155532
0.155556
0.155544
0.155554
0.155359
0.155556
0.155513
0.134176
0.0967492
0.155556
0.0222222
0.155556
0.153652
0.155556
0.0222222
0.155556
0.086928
0.155556
0.155556
0.088888
0.155555
0.155556
0.152462
0.155032
0.155556
0.0222222
0.155555
0.0888889
0.155556
0.155556
0.155556
0.155522
0.155461
0.155162
0.0222222
0.155556
0.153389
0.155161
0.155472
0.155556
0.154115
0.155556
0.155556
0.155556
0.155555
0.155556
0.155528
0.155425
0.155468
0.154384
0.155509
0.0222222
0.141533
0.155556
0.155135
0.0216902
0.155556
0.155556
0.105666
0.152778
0.123788
0.155525
0.155556
0.155345
0.155556
0.155556
0.149801
0.155556
0.155556
0.155556
0.155553
0.151061
0.155418
0.154162
0.149771
0.155556
0.15438
0.155556
0.0222222
0.155556
0.155302
0.0600232
0.155556
0.155552
0.155553
0.155506
0.0222222
0.155531
0.155556
0.155556
0.155556
0.0888887
0.155556
0.155556
0.155556
0.155547
0.155542
0.0888763
0.0222222
0.155556
0.155556
0.0222222
0.155555
0.155556
0.155555
0.154525
0.155556
0.0883097
0.155556
0.155555
0.155556
0.154709
0.155553
0.155556
0.155481
0.0222015
0.0219703
0.155556
0.155218
0.155554
0.155556
0.155539
0.153636
0.0222201
0.100983
0.155556
0.0888803
0.155555
0.131658
0.155556
0.155545
0.155556
0.15553
0.155556
0.155556
0.155556
0.122759
0.155556
0.0888873
0.0879838
0.022215
0.155555
0.155556
0.155556
0.155285
0.155555
0.0860686
0.155556
0.129716
0.155445
0.148575
0.155555
0.137584
0.0222222
0.0881391
0.155555
0.153488
0.155555
0.155556
0.155556
0.155556
0.155548
0.11005
0.155555
0.155556
0.0344238
0.0888886
0.155556
0.155556
0.155556
0.106003
0.112288
0.120994
0.0888739
0.155556
0.074774
0.155555
0.155556
0.136903
0.155553
0.154012
0.0672314
0.0876462
0.155555
0.155556
0.155251
0.155556
0.146506
0.0896183
0.112621
0.155556
0.155555
0.0222174
0.155556
0.0887799
0.155556
0.152753
0.155534
0.155276
0.155556
0.155539
0.154767
0.088867
0.155441
0.155556
0.155556
0.105013
0.155555
0.155432
0.155555
0.155556
0.155556
0.0222222
0.0222222
0.155457
0.155556
0.155556
0.0222222
0.0222222
0.155555
0.155556
0.0888412
0.154676
0.155556
0.155556
0.0886366
0.155556
0.155554
0.155556
0.155556
0.15455
0.0222222
0.155556
0.088874
0.0222222
0.148649
0.148613
0.155556
0.15219
0.0888889
0.0620959
0.11685
0.155556
0.155556
0.149941
0.155556
0.155556
0.0222222
0.155445
0.154885
0.109174
0.155264
0.155556
0.0222201
0.155555
0.155556
0.155556
0.0576478
0.155556
0.155554
0.0222131
0.155554
0.155555
0.155556
0.155537
0.155556
0.0884789
0.155556
0.0888884
0.155556
0.0796507
0.0222215
0.155555
0.155406
0.155097
0.065782
0.0222222
0.0887124
0.155556
0.155553
0.146269
0.155556
0.155556
0.155491
0.0222222
0.155556
0.0888885
0.091883
0.155539
0.148292
0.118589
0.154884
0.155556
0.155556
0.0174086
0.148784
0.155342
0.155506
0.155556
0.155556
0.155555
0.0222222
0.155453
0.155552
0.155552
0.0888789
0.155318
0.155556
0.15538
0.148005
0.155556
0.155556
0.155556
0.155556
0.0222222
0.155556
0.155556
0.155546
0.155556
0.0885068
0.155556
0.146096
0.155556
0.0222222
0.155554
0.0888671
0.155556
0.155422
0.155313
0.0222222
0.155556
0.155556
0.155556
0.155451
0.155468
0.155556
0.155555
0.155555
0.155556
0.155537
0.0222222
0.151117
0.155556
0.155556
0.15555
0.155551
0.134122
0.155551
0.155556
0.0856828
0.0528177
0.155556
0.152414
0.155535
0.155501
0.155556
0.150461
0.155545
0.0888889
0.155555
0.108649
0.155556
0.155555
0.155556
0.155556
0.155556
0.145253
0.155402
0.155502
0.155555
0.155486
0.155556
0.0222222
0.155555
0.155555
0.155429
0.155556
0.0843883
0.0888877
0.155556
0.155555
0.0222222
0.0882323
0.155556
0.155511
0.155542
0.155556
0.154826
0.155176
0.155465
0.0220694
0.155275
0.152409
0.155554
0.155223
0.155556
0.155556
0.155556
0.138313
0.155555
0.155539
0.0222113
0.155556
0.0222123
0.155006
0.155541
0.155556
0.0222222
0.155056
0.154575
0.13647
0.155556
0.0102043
0.155091
0.155555
0.155482
0.0724851
0.155556
0.155057
0.155555
0.155556
0.0403013
0.155455
0.155556
0.155556
0.0222222
0.147262
0.155556
0.154033
0.155556
0.155553
0.155556
0.148292
0.0178724
0.155555
0.155556
0.0222213
0.155555
0.121632
0.155554
0.155556
0.154177
0.155556
0.150257
0.154963
0.0888888
0.154158
0.155542
0.155499
0.155556
0.155556
0.155556
0.0196064
0.0222219
0.0222222
0.0222222
0.155556
0.155491
0.103088
0.155556
0.08886
0.155556
0.0883227
0.0888525
0.155507
0.0749096
0.0888887
0.0222222
0.155555
0.0222222
0.155556
0.0220783
0.152188
0.152567
0.155555
0.0888869
0.155556
0.0222215
0.155553
0.155556
0.155556
0.155555
0.155555
0.155556
0.155081
0.155556
0.155067
0.155555
0.0214663
0.155556
0.155555
0.155555
0.142014
0.0222211
0.0888889
0.155536
0.155556
0.0888191
0.155061
0.022222
0.155552
0.144869
0.155556
0.149943
0.0696341
0.155555
0.08883
0.155556
0.155556
0.155556
0.148932
0.155548
0.0222218
0.155337
0.0888889
0.155556
0.155556
0.088886
0.155556
0.155556
0.0947748
0.131102
0.155556
0.155556
0.153874
0.155546
0.155554
0.155556
0.155556
0.0222222
0.15555
0.0222222
0.155555
0.155086
0.155556
0.155556
0.155556
0.0888814
0.0222204
0.155545
0.0186538
0.155555
0.0874183
0.155556
0.155556
0.155556
0.155556
0.0888888
0.088785
0.0888875
0.127137
0.0888886
0.0222222
0.155556
0.113653
0.0827133
0.143157
0.139945
0.155494
0.155324
0.0864528
0.0222221
0.0886773
0.155556
0.145177
0.155555
0.0888889
0.155556
0.155556
0.155556
0.155549
0.155556
0.0222222
0.0222222
0.155522
0.155556
0.155556
0.111878
0.0888617
0.155555
0.0222222
0.110013
0.155553
0.0219412
0.155556
0.155521
0.155551
0.155556
0.155556
0.155556
0.155556
0.0888269
0.0925571
0.154456
0.136046
0.155556
0.0222222
0.0888889
0.155546
0.154801
0.141044
0.0221246
0.155556
0.149256
0.155169
0.155556
0.155538
0.155555
0.154898
0.155556
0.0598187
0.136562
0.0851294
0.155182
0.155556
0.155556
0.155556
0.105566
0.155532
0.155555
0.155556
0.155555
0.102992
0.154873
0.146014
0.155555
0.155494
0.155555
0.155555
0.155464
0.155556
0.155556
0.0888878
0.0792512
0.155541
0.155556
0.106024
0.0888889
0.155539
0.155556
0.155556
0.0840624
0.0937654
0.155554
0.155556
0.15555
0.0888889
0.155549
0.155556
0.0222222
0.155556
0.155399
0.150034
0.0888855
0.155556
0.155556
0.155556
0.155556
0.155556
0.155556
0.155551
0.0215573
0.0222115
0.0888878
0.155556
0.149431
0.155556
0.0899693
0.0877264
0.155556
0.0888889
0.155556
0.155508
0.155556
0.155556
0.151478
0.155556
0.155556
0.154957
0.155556
0.155525
0.155097
0.155556
0.0888889
0.152523
0.0222222
0.0888856
0.15458
0.155517
0.108611
0.155556
0.155544
0.155556
0.151706
0.155555
0.0222222
0.0885764
0.155556
0.155554
0.155555
0.155556
0.155554
0.155555
0.148002
0.096824
0.155556
0.15137
0.155554
0.0219438
0.155556
0.155556
0.0222222
0.15553
0.155556
0.0935726
0.142407
0.154968
0.155554
0.0222221
0.155556
0.155556
0.143958
0.155556
0.0222222
0.155556
0.151069
0.021318
0.13787
0.15553
0.0220386
0.102477
0.0888889
0.0888888
0.0222222
0.0888633
0.155555
0.155554
0.155514
0.155555
0.0888888
0.155556
0.0222222
0.0222222
0.155329
0.106043
0.155555
0.155556
0.0222093
0.154513
0.155556
0.155556
0.155556
0.155556
0.153594
0.0175373
0.0888552
0.155556
0.155342
0.155545
0.155556
0.155556
0.155556
0.15542
0.155554
0.155556
0.155556
0.0222222
0.0888889
0.155556
0.155545
0.155555
0.155554
0.155556
0.155556
0.155556
0.155555
0.155447
0.155556
0.155555
0.017729
0.0220167
0.155556
0.155554
0.155547
0.155556
0.0222218
0.0888889
0.0888889
0.122198
0.128231
0.0222214
0.155556
0.155556
0.155556
0.15541
0.155556
0.155547
0.155415
0.155556
0.0888888
0.090832
0.155556
0.0219903
0.155072
0.155556
0.155556
0.155555
0.155556
0.155555
0.155556
0.154515
0.155552
0.155556
0.0815582
0.155556
0.155556
0.155555
0.155556
0.155552
0.0222222
0.153669
0.155556
0.155553
0.155556
0.0996642
0.155556
0.155556
0.0868418
0.155556
0.155556
0.0222222
0.155175
0.155555
0.155556
0.155556
0.0666876
0.154114
0.15555
0.155556
0.155556
0.155547
0.155343
0.0222222
0.154567
0.0888854
0.155495
0.0888889
0.155556
0.155556
0.0888406
0.155553
0.155556
0.155556
0.155556
0.1538
0.155555
0.155556
0.155017
0.0222203
0.155548
0.153629
0.155556
0.155556
0.152116
0.0222222
0.155556
0.155556
0.155556
0.155556
0.155556
0.155553
0.155556
0.0888889
0.155556
0.155554
0.0222222
0.10537
0.155555
0.155556
0.155556
0.155556
0.155552
0.155556
0.155555
0.155555
0.15488
0.0118679
0.155556
0.155556
0.155556
0.155556
0.155556
0.154789
0.155556
0.0221464
0.155556
0.155556
0.0888763
0.155556
0.0888888
0.142114
0.155556
0.155555
0.155556
0.0610366
0.0888889
0.0744819
0.15532
0.155523
0.155556
0.155521
0.0222192
0.155556
0.155556
0.154567
0.0863954
0.155556
0.155526
0.155556
0.155556
0.155556
0.155556
0.155556
0.155556
0.115317
0.155477
0.155556
0.155556
0.155368
0.0219636
0.155556
0.155543
0.155491
0.155555
0.155556
0.0888802
0.152695
0.153393
0.0888889
0.151742
0.155555
0.155555
0.155556
0.155555
0.155391
0.155552
0.155556
0.155555
0.0888886
0.0222222
0.100652
0.078278
0.155547
0.0888889
0.0152903
0.0852972
0.155294
0.155556
0.088878
0.155556
0.155556
0.155555
0.022222
0.155324
0.0888889
0.155295
0.155556
0.0222222
0.0888183
0.155556
0.142288
0.022222
0.0888763
0.155555
0.15554
0.135739
0.155556
0.0407844
0.155556
0.0888889
0.0222212
0.155542
0.0222222
0.155556
0.088887
0.154007
0.155556
0.155556
0.15553
0.0222221
0.155556
0.155556
0.155556
0.155555
0.155555
0.155556
0.155556
0.15159
0.155556
0.0222222
0.155556
0.155555
0.155556
0.088765
0.155556
0.106694
0.154934
0.155554
0.0222222
0.132196
0.155556
0.155556
0.155551
0.155556
0.155539
0.088712
0.155551
0.153061
0.155534
0.149921
0.155556
0.155555
0.155556
0.154851
0.155555
0.0888889
0.150108
0.0887803
0.155548
0.137769
0.155497
0.155556
0.0888863
0.0222206
0.155556
0.0681905
0.155551
0.155427
0.155555
0.153991
0.147832
0.155538
0.0219504
0.134381
0.0887763
0.155543
0.155556
0.155167
0.145186
0.155555
0.155556
0.155534
0.155522
0.125388
0.15497
0.155556
0.0220789
0.0862655
0.155556
0.154755
0.154081
0.124328
0.155555
0.155556
0.155554
0.155556
0.155555
0.155556
0.155556
0.155556
0.0222222
0.0888707
0.155556
0.155514
0.155556
0.155556
0.155556
0.155555
0.155556
0.155555
0.0886981
0.0888248
0.0888885
0.115588
0.155554
0.148424
0.14905
0.155534
0.088887
0.133718
0.155502
0.155555
0.0888875
0.155555
0.0887808
0.155555
0.155556
0.153553
0.155556
0.155556
0.155384
0.0888483
0.155306
0.155556
0.155556
0.155555
0.129971
0.0888889
0.0222222
0.155556
0.155344
0.08262
0.149789
0.155556
0.100675
0.154288
0.155556
0.151773
0.155555
0.155555
0.15553
0.0887287
0.155556
0.155556
0.146282
0.155555
0.147247
0.126627
0.155555
0.154563
0.133798
0.155556
0.0217474
0.155556
0.155554
0.136869
0.0222222
0.022221
0.155556
0.0222222
0.155555
0.155556
0.155555
0.155556
0.155556
0.155556
0.155062
0.0222189
0.155556
0.111866
0.155556
0.150888
0.155548
0.155556
0.155554
0.155545
0.155556
0.154387
0.15519
0.155528
0.154055
0.155556
0.155555
0.155556
0.152689
0.155528
0.0888889
0.155556
0.155556
0.155555
0.155556
0.0888878
0.15097
0.155359
0.0220633
0.155556
0.144461
0.155556
0.10794
0.0974998
0.155555
0.140078
0.155556
0.105972
0.0888833
0.0222222
0.0198918
0.155556
0.0888887
0.0222222
0.155556
0.155556
0.155556
0.155556
0.155405
0.155556
0.155556
0.155555
0.155556
0.152974
0.155556
0.155362
0.155556
0.155556
0.155556
0.0222222
0.155549
0.0222222
0.105616
0.121596
0.155556
0.0866386
0.155555
0.0222219
0.0888846
0.0222222
0.139747
0.155553
0.155189
0.155556
0.0190003
0.155556
0.155555
0.0842702
0.0888885
0.155556
0.0888842
0.155539
0.155556
0.153292
0.155555
0.155311
0.155556
0.0536462
0.155551
0.155553
0.155543
0.148461
0.155556
0.0222217
0.155556
0.134171
0.155556
0.155556
0.155556
0.155434
0.154842
0.15555
0.155519
0.0222222
0.155542
0.0222219
0.0222222
0.155556
0.0888886
0.155553
0.155556
0.021867
0.155551
0.155502
0.088888
0.155554
0.154267
0.155554
0.146295
0.0888693
0.155556
0.0222222
0.155556
0.155556
0.150488
0.155556
0.155556
0.0676518
0.155553
0.104842
0.0222222
0.155556
0.155553
0.155551
0.155556
0.155411
0.0888878
0.0222173
0.129341
0.0577419
0.155478
0.155359
0.155556
0.155556
0.0873116
0.0750484
0.155555
0.155555
0.0222222
0.155502
0.155332
0.155396
0.0222213
0.0222222
0.155555
0.155556
0.140508
0.151968
0.155542
0.0888889
0.155556
0.155556
0.0222222
0.155555
0.155556
0.155555
0.155556
0.155556
0.0222222
0.155518
0.155556
0.155555
0.155556
0.155014
0.155556
0.153974
0.155556
0.155555
0.155556
0.155548
0.0888214
0.0888889
0.149315
0.0888871
0.155556
0.155556
0.155556
0.155541
0.155556
0.0888889
0.155556
0.102194
0.155546
0.153719
0.155556
0.155552
0.155556
0.155556
0.155556
0.155293
0.155522
0.088813
0.155524
0.0222222
0.155556
0.155556
0.155556
0.0888889
0.155555
0.119112
0.0888878
0.155545
0.155556
0.154689
0.104552
0.127938
0.151148
0.155555
0.155555
0.0222206
0.0222222
0.0723127
0.0888649
0.155352
0.155556
0.0886421
0.0166955
0.155548
0.0222222
0.155553
0.155556
0.155555
0.0222222
0.0888888
0.155555
0.0888889
0.155556
0.0821657
0.153722
0.155282
0.155556
0.155556
0.155556
0.155555
0.155556
0.105083
0.155556
0.0222222
0.151426
0.155556
0.155556
0.155066
0.155555
0.155479
0.155556
0.155553
0.143791
0.15549
0.155556
0.155555
0.155555
0.135302
0.155556
0.0222222
0.0222222
0.155556
0.144091
0.155548
0.144989
0.155556
0.155495
0.155556
0.154178
0.10217
0.132582
0.155551
0.155556
0.155556
0.150887
0.0888889
0.126609
0.155556
0.155555
0.14032
0.155548
0.155556
0.155546
0.133153
0.155556
0.155555
0.0793039
0.155556
0.155554
0.146819
0.155555
0.155528
0.155502
0.109817
0.0888888
0.152325
0.155548
0.144072
0.155556
0.155549
0.155554
0.155556
0.155556
0.153789
0.155556
0.122447
0.155556
0.155555
0.155556
0.155438
0.155556
0.155556
0.155378
0.155555
0.155556
0.155556
0.155556
0.155556
0.0222222
0.0222222
0.155556
0.155556
0.155556
0.155556
0.155556
0.155459
0.140295
0.155556
0.155555
0.155555
0.155477
0.155556
0.155466
0.155556
0.155257
0.155556
0.155556
0.0717639
0.0814788
0.155556
0.155362
0.155555
0.022222
0.0888885
0.155556
0.155107
0.155555
0.0222222
0.154188
0.155555
0.155556
0.0222219
0.155556
0.0888888
0.155556
0.155556
0.155556
0.155556
0.155556
0.155503
0.155514
0.155556
0.155483
0.155556
0.118109
0.155555
0.144751
0.155556
0.0222222
0.155556
0.0871239
0.155555
0.155536
0.155556
0.0888889
0.155431
0.155555
0.146397
0.0888744
0.154798
0.155555
0.155556
0.15548
0.0888889
0.155556
0.155556
0.022222
0.155556
0.151439
0.155555
0.155554
0.0888879
0.0222222
0.155179
0.128402
0.155323
0.155536
0.0222202
0.152982
0.155555
0.135692
0.155324
0.155556
0.155556
0.155249
0.0888146
0.154045
0.0888889
0.155556
0.155556
0.155541
0.0944101
0.155556
0.0218887
0.155556
0.15511
0.155556
0.155543
0.0888886
0.155556
0.155509
0.155436
0.103755
0.0888889
0.155555
0.110791
0.022222
0.0888737
0.155484
0.155556
0.155556
0.155556
0.134523
0.0911468
0.155556
0.155556
0.0888889
0.155556
0.155556
0.0222222
0.155556
0.0221859
0.155391
0.155556
0.155554
0.155556
0.132814
0.0888355
0.152377
0.11306
0.0222222
0.155556
0.155556
0.087288
0.122508
0.155556
0.155556
0.0222222
0.155556
0.155556
0.155512
0.154663
0.155556
0.139882
0.155556
0.155555
0.0931522
0.114583
0.0222222
0.0186489
0.0222015
0.155555
0.0888889
0.0888889
0.150173
0.142269
0.155556
0.0857658
0.0222222
0.15555
0.155524
0.155556
0.155515
0.153956
0.155556
0.0887924
0.155556
0.155555
0.155556
0.155553
0.155483
0.0888885
0.148841
0.155556
0.15397
0.155539
0.155556
0.0222222
0.155556
0.155556
0.155556
0.155556
0.0167779
0.0720027
0.155556
0.155556
0.155556
0.155552
0.155556
0.155555
0.155556
0.056012
0.155554
0.155543
0.10873
0.0222221
0.155556
0.155555
0.0883995
0.155555
0.114411
0.155496
0.155556
0.0888733
0.155555
0.155556
0.0888888
0.0888809
0.155548
0.155296
0.0888848
0.155554
0.15554
0.155556
0.155556
0.155554
0.155556
0.155555
0.155411
0.115236
0.0222222
0.155555
0.155556
0.155554
0.0200286
0.155556
0.155556
0.1541
0.155527
0.090429
0.0166679
0.155556
0.120543
0.155556
0.155434
0.050302
0.155556
0.127559
0.155556
0.155556
0.155556
0.155482
0.126155
0.088821
0.155556
0.155555
0.15551
0.155555
0.0222222
0.155425
0.155556
0.155555
0.155556
0.155548
0.0222222
0.146593
0.155556
0.114776
0.155553
0.155556
0.155555
0.0220448
0.0888889
0.143276
0.155556
0.155334
0.155554
0.155556
0.155556
0.155556
0.155556
0.0888888
0.155556
0.155556
0.153373
0.0204257
0.155556
0.155556
0.155553
0.155556
0.0888885
0.155555
0.15537
0.14616
0.155147
0.0222222
0.0222222
0.155556
0.155486
0.153285
0.155521
0.0881808
0.0888881
0.155556
0.155556
0.155538
0.155556
0.0992761
0.155556
0.155556
0.155556
0.0222222
0.155556
0.105554
0.153538
0.155555
0.155114
0.155553
0.155548
0.155514
0.155556
0.149376
0.0889448
0.0198754
0.131847
0.155555
0.136314
0.155198
0.152774
0.140578
0.0222222
0.155548
0.155556
0.0788961
0.155556
0.146462
0.155553
0.155552
0.155556
0.155554
0.155545
0.0222222
0.155549
0.155556
0.0222222
0.155556
0.0222202
0.0683528
0.155545
0.0222222
0.155551
0.155556
0.155503
0.155556
0.0887164
0.155554
0.108394
0.155556
0.0222161
0.155556
0.0221608
0.155556
0.155556
0.155556
0.154803
0.0888884
0.155116
0.155556
0.12387
0.155556
0.154683
0.15551
0.155556
0.154441
0.139689
0.155556
0.155556
0.155556
0.154916
0.155556
0.155556
0.153961
0.0220706
0.0204938
0.155555
0.155556
0.0222222
0.155529
0.155556
0.155556
0.155556
0.152078
0.126779
0.153398
0.155556
0.155556
0.155555
0.155525
0.155556
0.155556
0.155556
0.0888889
0.155499
0.155556
0.155553
0.155555
0.155554
0.155555
0.155556
0.155556
0.155556
0.155556
0.154453
0.155556
0.155555
0.128418
0.0222222
0.154481
0.154824
0.155359
0.155556
0.155556
0.155555
0.155519
0.155556
0.155556
0.155556
0.155013
0.155556
0.155556
0.0218605
0.155556
0.149237
0.155541
0.155556
0.15545
0.0222097
0.0222221
0.15555
0.155556
0.155555
0.0222222
0.15551
0.15555
0.112266
0.155556
0.076079
0.155556
0.0222222
0.022222
0.155556
0.155555
0.155554
0.155556
0.155555
0.155392
0.155556
0.0888878
0.0888889
0.154225
0.022214
0.155475
0.155556
0.105869
0.155319
0.0222206
0.151843
0.154751
0.155556
0.155553
0.155556
0.106223
0.155541
0.155555
0.145701
0.155556
0.155556
0.155556
0.153926
0.155555
0.155556
0.102608
0.155556
0.14331
0.155094
0.104608
0.155189
0.155556
0.0222222
0.0171843
0.0888889
0.155555
0.0888881
0.155547
0.155551
0.0222222
0.151394
0.155553
0.155556
0.155556
0.155556
0.155555
0.0887476
0.155556
0.086365
0.155534
0.0888878
0.0888842
0.155555
0.154003
0.0222222
0.0222222
0.150741
0.155555
0.155547
0.15555
0.155127
0.155556
0.155555
0.155556
0.155555
0.155556
0.155556
0.155556
0.155556
0.141008
0.15529
0.148405
0.0222217
0.0222222
0.155556
0.155554
0.155555
0.0222216
0.155555
0.0888482
0.0222222
0.155556
0.0221825
0.155556
0.154679
0.0888888
0.0888606
0.022206
0.108049
0.155556
0.122589
0.155552
0.0217953
0.154716
0.128534
0.155556
0.155553
0.155554
0.155556
0.155554
0.155556
0.151806
0.155555
0.151843
0.155543
0.155374
0.0888879
0.155553
0.0888889
0.155553
0.155556
0.155525
0.155554
0.155555
0.155556
0.0888888
0.154366
0.15555
0.155556
0.155555
0.15433
0.0222222
0.155556
0.141253
0.155556
0.0888889
0.154438
0.155552
0.147817
0.107788
0.0221084
0.0888876
0.155009
0.0222222
0.121546
0.155171
0.155556
0.0222204
0.155536
0.155118
0.155556
0.155556
0.138084
0.1555
0.155555
0.155556
0.152316
0.155074
0.155556
0.150306
0.15555
0.1468
0.0690966
0.155331
0.155556
0.155556
0.0888889
0.155555
0.0222222
0.155555
0.155555
0.155556
0.155329
0.0888887
0.0888731
0.149405
0.155556
0.155556
0.0625179
0.155556
0.155554
0.155497
0.155532
0.155556
0.155556
0.148019
0.155555
0.155553
0.148141
0.155556
0.155555
0.155513
0.155555
0.155556
0.155555
0.103702
0.0222222
0.155556
0.0222222
0.155476
0.0222222
0.155555
0.155549
0.11887
0.155555
0.155555
0.155556
0.155556
0.155468
0.155554
0.0222222
0.155556
0.0888863
0.154877
0.155555
0.155555
0.120702
0.143806
0.153614
0.0222222
0.155556
0.155537
0.154313
0.155556
0.152523
0.155556
0.155556
0.155556
0.12247
0.155521
0.0222222
0.155553
0.155556
0.0885303
0.155553
0.155555
0.155555
0.155556
0.0886408
0.155555
0.155118
0.152844
0.155555
0.153693
0.0735551
0.155556
0.130569
0.155556
0.155555
0.155555
0.155542
0.155556
0.155555
0.155215
0.155556
0.155091
0.155556
0.0888875
0.155556
0.0196277
0.149928
0.155556
0.154023
0.155556
0.155552
0.155556
0.0222222
0.144743
0.155556
0.155556
0.142945
0.154438
0.154991
0.128323
0.022204
0.155555
0.155556
0.155556
0.152989
0.155555
0.155555
0.155553
0.155476
0.155556
0.0888889
0.021253
0.155556
0.155518
0.105498
0.155555
0.155555
0.155556
0.155556
0.155556
0.0222222
0.155556
0.155555
0.155034
0.155556
0.0888889
0.155556
0.153019
0.155556
0.0222222
0.155556
0.0222222
0.155556
0.155555
0.155556
0.155556
0.155556
0.148104
0.155555
0.155556
0.150384
0.155556
0.155441
0.155551
0.0912933
0.0222222
0.155556
0.155556
0.155295
0.146545
0.151171
0.103247
0.0888607
0.155552
0.0888873
0.155556
0.155485
0.0222222
0.155556
0.0222169
0.155296
0.15491
0.155544
0.155512
0.155556
0.155555
0.154426
0.155556
0.155555
0.155556
0.0888888
0.155536
0.0222222
0.155555
0.081891
0.155525
0.155556
0.154827
0.0222222
0.0886276
0.155556
0.155555
0.127803
0.09779
0.0222222
0.0888889
0.155113
0.155555
0.155556
0.155544
0.155556
0.155556
0.139597
0.155555
0.0888559
0.155556
0.155556
0.0222222
0.155155
0.155556
0.0888866
0.155555
0.155555
0.153379
0.155555
0.0168642
0.155556
0.155538
0.0888889
0.155556
0.155556
0.155556
0.155556
0.155556
0.076131
0.115181
0.155556
0.154888
0.155555
0.0222222
0.155542
0.155555
0.155556
0.155556
0.155546
0.155556
0.0886785
0.155556
0.155335
0.155553
0.15552
0.155556
0.155553
0.155556
0.155555
0.0888889
0.155556
0.155555
0.0222222
0.0888888
0.155555
0.15539
0.155555
0.020178
0.152018
0.155552
0.155555
0.155556
0.155555
0.0885464
0.152111
0.155537
0.0222207
0.154977
0.155556
0.0888889
0.155555
0.11178
0.154083
0.155478
0.106579
0.155554
0.155556
0.155555
0.155543
0.153977
0.155445
0.149608
0.0888889
0.15555
0.155556
0.155545
0.155555
0.14529
0.0729401
0.155556
0.155555
0.155522
0.147961
0.155556
0.155556
0.155556
0.155555
0.155556
0.155555
0.0221034
0.155556
0.0940508
0.155556
0.148977
0.155346
0.155556
0.155555
0.155191
0.155276
0.0873008
0.155538
0.141977
0.0222222
0.147177
0.155555
0.155556
0.155556
0.155556
0.155555
0.155467
0.155556
0.155316
0.0222222
0.155555
0.155556
0.0879823
0.15156
0.114083
0.155555
0.155556
0.154267
0.155556
0.155544
0.132913
0.155477
0.0887793
0.0142962
0.155555
0.155554
0.155556
0.15548
0.155535
0.155556
0.155535
0.0988166
0.155441
0.155556
0.155556
0.155365
0.155555
0.155555
0.144244
0.08751
0.155332
0.155556
0.155556
0.155555
0.0887923
0.154096
0.155556
0.155394
0.155552
0.0222222
0.155556
0.0222222
0.155527
0.0222222
0.138773
0.155555
0.0887115
0.155556
0.106047
0.0888889
0.155551
0.15555
0.155556
0.0220508
0.155556
0.0222222
0.15555
0.155556
0.0886
0.150292
0.0173713
0.155556
0.155556
0.108365
0.155549
0.155556
0.155542
0.155555
0.0222222
0.155556
0.155555
0.155392
0.154609
0.155556
0.155555
0.153557
0.155556
0.155556
0.155553
0.15552
0.155556
0.155556
0.155555
0.155556
0.155556
0.106919
0.155544
0.0222222
0.0222222
0.155555
0.0222217
0.155556
0.155556
0.0222222
0.155556
0.155556
0.155556
0.0888773
0.155555
0.155168
0.155553
0.155556
0.155556
0.155361
0.122621
0.088886
0.155556
0.149866
0.155556
0.155555
0.155553
0.155555
0.155529
0.0888887
0.155556
0.155556
0.155554
0.15483
0.155555
0.0666573
0.0222222
0.155556
0.155556
0.155509
0.0222222
0.113737
0.155426
0.12834
0.0888886
0.088884
0.0888889
0.155556
0.155556
0.155556
0.0222222
0.155554
0.15552
0.122005
0.155556
0.155535
0.0222213
0.155535
0.155551
0.155555
0.155555
0.155552
0.155547
0.078907
0.155542
0.155555
0.155556
0.0218687
0.155556
0.0882966
0.0888889
0.155556
0.155556
0.0222215
0.155555
0.0888675
0.101581
0.155556
0.155555
0.155555
0.155555
0.155424
0.155548
0.120681
0.151248
0.155555
0.155555
0.083736
0.154947
0.155266
0.155554
0.154999
0.15548
0.155556
0.152273
0.155554
0.155556
0.155556
0.154037
0.155556
0.155555
0.155556
0.155554
0.155516
0.155556
0.155556
0.14112
0.0664927
0.155555
0.155556
0.146814
0.088857
0.15554
0.0888825
0.0887172
0.0222222
0.146632
0.155556
0.155555
0.155556
0.0197602
0.153266
0.155555
0.155521
0.0222219
0.106035
0.155556
0.0213679
0.150272
0.155556
0.15553
0.0888233
0.155556
0.150646
0.15404
0.151244
0.022067
0.155556
0.153769
0.155556
0.155556
0.0439028
0.155556
0.155552
0.155524
0.155556
0.153283
0.0222221
0.155556
0.155156
0.14479
0.155551
0.149962
0.155551
0.0888813
0.155227
0.155556
0.155555
0.150547
0.155556
0.155554
0.155556
0.022222
0.155556
0.0886626
0.0667295
0.0888889
0.105183
0.106584
0.155553
0.112866
0.155463
0.155555
0.155266
0.155266
0.0709234
0.155443
0.155527
0.155556
0.155432
0.155556
0.155556
0.155555
0.155556
0.155556
0.154626
0.155415
0.0222222
0.155556
0.155556
0.155555
0.0888889
0.155556
0.155383
0.0272279
0.0222222
0.155556
0.155454
0.155534
0.15525
0.0256346
0.101553
0.155131
0.155556
0.155556
0.155555
0.155556
0.155556
0.154258
0.155531
0.155556
0.155556
0.155556
0.0888889
0.0887195
0.146961
0.0888888
0.155556
0.155556
0.155555
0.155204
0.155464
0.155556
0.155555
0.155555
0.155556
0.155556
0.155554
0.155308
0.155556
0.155555
0.155541
0.0222094
0.0888889
0.0222219
0.022043
0.097602
0.115519
0.155556
0.155556
0.0888883
0.121557
0.155394
0.155556
0.155556
0.0222222
0.155556
0.155421
0.155556
0.155441
0.155556
0.0222222
0.155556
0.155554
0.155556
0.153083
0.155555
0.0222222
0.155556
0.0888368
0.155555
0.155556
0.155556
0.155535
0.155457
0.0222177
0.155517
0.154943
0.0888888
0.155555
0.155555
0.148885
0.0887824
0.15555
0.0888889
0.14626
0.15343
0.155556
0.155501
0.155555
0.155556
0.155555
0.129078
0.155504
0.155554
0.0221028
0.155555
0.155556
0.155556
0.0209397
0.155556
0.0997529
0.0891621
0.155555
0.155553
0.0888442
0.155554
0.155556
0.155555
0.0678027
0.155556
0.155548
0.155556
0.155555
0.154751
0.0200997
0.155556
0.155556
0.118244
0.155556
0.155555
0.155556
0.0888889
0.155526
0.0221839
0.0888886
0.0201481
0.155556
0.155556
0.155553
0.155531
0.155553
0.0888889
0.155524
0.0222222
0.155556
0.107177
0.154487
0.08069
0.155365
0.155556
0.155556
0.155556
0.153795
0.155556
0.151983
0.154043
0.155553
0.155165
0.155556
0.142384
0.155556
0.155552
0.155555
0.0218257
0.133997
0.155556
0.155556
0.155556
0.155547
0.155556
0.065566
0.155518
0.0888888
0.0166634
0.109847
0.155556
0.155544
0.155535
0.155523
0.152324
0.155533
0.155552
0.0888888
0.0221729
0.142724
0.155556
0.155556
0.155556
0.155519
0.155553
0.155556
0.155553
0.155503
0.155556
0.155555
0.155556
0.155508
0.155556
0.155556
0.15555
0.154879
0.155553
0.112556
0.155556
0.143968
0.0888881
0.0888833
0.155091
0.022221
0.155265
0.155326
0.140318
0.0888764
0.155555
0.142321
0.0222222
0.155556
0.0222222
0.155555
0.119628
0.155555
0.094282
0.155128
0.0882523
0.155555
0.155556
0.128668
0.0837762
0.155556
0.155555
0.155465
0.155106
0.0222221
0.155046
0.155539
0.0222222
0.133858
0.0219594
0.155556
0.0888888
0.155556
0.155443
0.155556
0.0222127
0.152071
0.155556
0.155556
0.155518
0.155556
0.0222222
0.155108
0.155555
0.0222222
0.150792
0.0222222
0.15295
0.15539
0.155556
0.155555
0.088888
0.148546
0.0695989
0.0873812
0.155556
0.0888884
0.155556
0.155556
0.155549
0.155556
0.155555
0.155556
0.0222166
0.155556
0.155555
0.155538
0.15555
0.110276
0.0222222
0.155556
0.155555
0.155556
0.154489
0.155554
0.155556
0.155556
0.155556
0.155556
0.155541
0.155556
0.155556
0.155556
0.0222216
0.0222222
0.149741
0.155556
0.155556
0.155556
0.155226
0.0222222
0.15554
0.155556
0.155474
0.155556
0.107809
0.155541
0.155551
0.118833
0.0880257
0.155556
0.155556
0.155555
0.105666
0.155555
0.154845
0.155556
0.155549
0.15555
0.0888889
0.155556
0.125034
0.155514
0.153451
0.155556
0.155428
0.154707
0.0888648
0.111405
0.154319
0.155556
0.155556
0.155556
0.139431
0.155556
0.127531
0.101307
0.155556
0.155556
0.155556
0.15525
0.155503
0.155555
0.147723
0.155556
0.155372
0.155554
0.154674
0.155555
0.155553
0.155555
0.15552
0.155556
0.155556
0.155556
0.0222222
0.0222222
0.155556
0.0888889
0.15555
0.155556
0.155555
0.155556
0.141774
0.155556
0.155543
0.155556
0.155555
0.154742
0.155555
0.155556
0.155556
0.0888889
0.088877
0.155556
0.155555
0.0888718
0.153405
0.155555
0.155556
0.155556
0.155555
0.15461
0.155501
0.0888887
0.155556
0.148584
0.155555
0.15553
0.155555
0.155556
0.155553
0.155556
0.155553
0.15555
0.128879
0.022161
0.102339
0.148358
0.155556
0.15141
0.155485
0.155543
0.155556
0.0888844
0.0222222
0.155555
0.148064
0.0861536
0.155556
0.155556
0.0888889
0.0675448
0.154532
0.114243
0.0218003
0.155391
0.155556
0.0221801
0.0214911
0.155546
0.155496
0.155522
0.107204
0.139438
0.0221906
0.155555
0.155555
0.155534
0.148744
0.155556
0.155556
0.155246
0.155556
0.137819
0.154973
0.088887
0.0222218
0.155556
0.155554
0.128205
0.155555
0.155555
0.155556
0.108412
0.152973
0.13499
0.155556
0.0765144
0.155545
0.155556
0.155539
0.0222221
0.155307
0.153172
0.0222222
0.0871634
0.155556
0.155544
0.155556
0.105556
0.15546
0.155556
0.0222222
0.154978
0.155555
0.152682
0.147165
0.155556
0.155538
0.154793
0.140101
0.14242
0.155515
0.155555
0.155555
0.155556
0.135594
0.0728253
0.155556
0.155555
0.155556
0.155556
0.155555
0.155554
0.155556
0.155556
0.116022
0.155556
0.155556
0.0888889
0.155556
0.155556
0.155556
0.155509
0.155487
0.155556
0.155555
0.0222186
0.155555
0.152664
0.08807
0.14924
0.154475
0.155556
0.155409
0.0888888
0.0888882
0.0018239
0.155437
0.155556
